1 1 46
1 2 -21
1 3 -23
1 4 -12
1 5 -86
1 6 -77
1 7 -75
1 9 -58
1 11 -30
1 12 -89
2 2 -14
2 3 -79
2 4 -40
2 5 -35
2 6 -72
2 7 -35
2 8 -76
2 9 -13
2 11 -28
2 12 -27
3 3 64
3 4 -89
3 5 -64
3 6 -53
3 7 -78
3 8 -74
3 9 -39
3 11 -63
3 12 -3
4 4 71
4 5 -16
4 6 -84
4 7 -64
4 8 -73
4 9 -78
4 10 -15
4 12 -96
5 5 94
5 6 -72
5 7 -11
5 8 -23
5 9 -6
5 10 -42
5 11 -27
5 12 -35
6 6 -6
6 7 -17
6 8 -96
6 9 -9
6 10 -74
6 11 -20
6 12 -24
7 7 94
7 8 -9
7 9 -53
7 10 -2
7 12 -45
8 8 62
8 9 -50
8 10 -60
8 11 -66
8 12 -77
9 9 85
9 10 -98
9 11 -55
10 10 -97
10 11 -69
10 12 -47
11 11 23
11 12 -45
12 12 24
