1 1 36
1 2 -72
1 3 -46
1 4 -68
1 5 -41
1 6 -82
1 7 -67
1 8 -45
1 9 -59
1 10 -33
1 11 -23
1 12 -54
2 2 6
2 3 -41
2 6 -38
2 7 -77
2 8 -25
2 9 -72
2 11 -43
2 12 -93
3 3 12
3 5 -57
3 6 -25
3 7 -68
3 8 -16
3 9 -77
4 4 95
4 5 -28
4 6 -41
4 8 -21
4 9 -29
4 10 -56
4 12 -8
5 5 20
5 6 -81
5 8 -59
5 9 -24
5 10 -16
5 11 -20
5 12 -63
6 6 55
6 8 -23
6 9 -35
6 10 -95
6 11 -28
7 7 -62
7 8 -27
7 10 -19
7 11 -53
8 8 25
8 9 -41
8 10 -31
8 11 -10
8 12 -27
9 9 -92
9 10 -45
9 11 -93
9 12 -55
10 10 7
10 11 -16
10 12 -14
11 11 -89
11 12 -21
12 12 -83
