1 1 -2
1 2 -87
1 3 -100
1 4 -88
1 5 -32
1 7 -32
1 8 -25
1 10 -2
1 11 -79
1 12 -25
2 2 -62
2 3 -49
2 4 -13
2 5 -44
2 6 -56
2 7 -9
2 9 -48
2 10 -68
2 12 -76
3 3 42
3 4 -98
3 5 -71
3 6 -8
3 7 -45
3 9 -65
3 10 -91
3 11 -35
4 4 -4
4 5 -73
4 6 -78
4 7 -65
4 9 -53
4 10 -28
4 11 -19
4 12 -67
5 5 3
5 6 -89
5 8 -66
5 9 -57
5 11 -84
5 12 -43
6 6 -7
6 8 -100
6 9 -60
6 10 -75
6 11 -41
7 7 43
7 8 -81
7 9 -100
7 10 -99
7 12 -57
8 8 -87
8 9 -28
8 10 -73
8 11 -23
8 12 -6
9 9 -89
9 11 -25
10 10 -47
10 11 -39
10 12 -75
11 11 7
11 12 -49
12 12 -41
