1 1 31
1 2 -52
1 3 -20
1 4 -38
1 5 -55
1 6 -50
1 7 -6
1 8 -63
1 9 -22
1 10 -50
1 11 -80
1 12 -18
2 2 37
2 3 -40
2 4 -56
2 5 -88
2 6 -90
2 7 -25
2 8 -14
2 9 -84
2 10 -53
2 11 -16
2 12 -35
3 3 -94
3 4 -97
3 5 -91
3 6 -96
3 7 -59
3 8 -16
3 9 -23
3 10 -89
3 11 -20
3 12 -60
4 4 4
4 5 -57
4 6 -85
4 7 -99
4 8 -89
4 9 -40
4 10 -2
4 11 -32
4 12 -85
5 5 -95
5 6 -60
5 7 -28
5 8 -2
5 9 -93
5 10 -23
5 11 -76
5 12 -21
6 6 60
6 7 -66
6 8 -89
6 9 -75
6 10 -29
6 11 -24
6 12 -34
7 7 46
7 8 -76
7 9 -37
7 10 -43
7 11 -95
7 12 -6
8 8 -58
8 9 -25
8 10 -15
8 11 -78
8 12 -3
9 9 -42
9 10 -32
9 11 -66
9 12 -54
10 10 -98
10 11 -24
10 12 -65
11 11 -72
11 12 -7
12 12 -34
