1 1 -33
1 2 -11
1 3 -7
1 4 -96
1 5 -22
1 6 -8
1 7 -13
1 8 -40
1 9 -67
1 10 -16
1 11 -93
1 12 -78
2 2 -19
2 3 -15
2 4 -89
2 5 -28
2 6 -94
2 7 -4
2 8 -87
2 9 -97
2 10 -91
2 11 -59
2 12 -34
3 3 65
3 4 -49
3 5 -57
3 6 -28
3 7 -65
3 8 -34
3 9 -8
3 10 -69
3 11 -96
3 12 -30
4 4 35
4 5 -58
4 6 -63
4 7 -74
4 8 -96
4 9 -36
4 10 -84
4 11 -75
4 12 -27
5 5 85
5 6 -83
5 7 -69
5 8 -23
5 9 -5
5 10 -27
5 11 -12
5 12 -78
6 6 12
6 7 -66
6 8 -10
6 9 -72
6 10 -6
6 11 -22
6 12 -31
7 7 25
7 8 -41
7 9 -20
7 10 -45
7 11 -57
7 12 -87
8 8 -69
8 9 -12
8 10 -44
8 11 -50
8 12 -82
9 9 4
9 10 -13
9 11 -93
9 12 -46
10 10 -54
10 11 -36
10 12 -78
11 11 -78
11 12 -77
12 12 -25
