1 1 -1
1 2 -39
1 5 -87
1 6 -53
1 7 -78
1 9 -71
1 10 -93
1 11 -54
2 2 -88
2 3 -37
2 4 -24
2 5 -80
2 7 -20
2 8 -21
2 9 -64
2 10 -59
2 11 -91
2 12 -39
3 3 -39
3 4 -26
3 5 -25
3 6 -92
3 7 -93
3 8 -78
3 9 -43
3 10 -85
3 11 -5
3 12 -19
4 4 -74
4 5 -27
4 6 -52
4 7 -63
4 8 -21
4 9 -54
4 10 -85
4 11 -30
4 12 -71
5 5 -42
5 6 -61
5 7 -23
5 10 -84
5 12 -68
6 6 76
6 8 -58
6 11 -47
6 12 -64
7 7 76
7 8 -75
7 9 -75
7 10 -74
7 11 -75
8 8 69
8 9 -33
8 10 -12
8 11 -20
8 12 -27
9 9 20
9 10 -40
9 11 -80
9 12 -100
10 10 -61
11 11 69
11 12 -69
12 12 48
