1 1 51
1 2 -74
1 3 -31
1 4 -73
1 5 -92
1 6 -15
1 7 -64
1 8 -81
1 9 -57
1 10 -49
1 11 -37
1 12 -48
2 2 82
2 3 -27
2 4 -8
2 5 -36
2 6 -77
2 7 -92
2 8 -56
2 9 -93
2 10 -40
2 11 -50
2 12 -50
3 3 -33
3 5 -59
3 6 -91
3 7 -86
3 8 -17
3 9 -76
3 10 -43
3 11 -10
4 4 -99
4 5 -58
4 6 -65
4 7 -17
4 8 -10
4 9 -100
4 10 -15
4 11 -61
4 12 -7
5 5 -94
5 6 -76
5 7 -93
5 8 -69
5 11 -24
5 12 -47
6 6 -54
6 7 -43
6 8 -65
6 9 -23
6 10 -87
6 11 -29
6 12 -74
7 7 -41
7 8 -11
7 9 -68
7 10 -14
7 11 -69
7 12 -58
8 8 8
8 9 -65
8 10 -29
8 11 -6
9 9 75
9 10 -86
9 12 -59
10 10 -48
10 11 -25
11 11 14
11 12 -28
12 12 63
