1 1 -40
1 2 -42
1 3 -57
1 4 -68
1 5 -13
1 6 -30
1 8 -76
1 9 -49
1 10 -73
1 11 -85
1 12 -12
2 2 82
2 4 -21
2 5 -53
2 6 -2
2 7 -14
2 9 -16
2 10 -96
2 11 -32
2 12 -25
3 3 57
3 4 -49
3 5 -83
3 6 -26
3 7 -4
3 8 -10
3 9 -19
3 10 -66
3 11 -84
3 12 -45
4 4 51
4 5 -50
4 6 -35
4 7 -79
4 10 -90
4 11 -93
4 12 -87
5 5 -97
5 6 -8
5 7 -12
5 8 -80
5 9 -48
5 10 -16
5 11 -22
5 12 -36
6 6 92
6 7 -78
6 8 -20
6 9 -93
6 10 -15
6 11 -82
6 12 -20
7 7 -5
7 8 -55
7 9 -57
7 10 -85
7 11 -42
7 12 -52
8 8 32
8 10 -74
8 11 -33
8 12 -13
9 9 86
9 10 -63
9 11 -56
9 12 -82
10 10 94
10 11 -40
11 11 69
11 12 -85
12 12 93
