1 1 30
1 2 -41
1 3 -49
1 4 -34
1 5 -69
1 6 -70
1 7 -96
1 8 -91
1 9 -61
1 10 -75
1 11 -67
1 12 -67
2 2 -25
2 3 -73
2 5 -9
2 6 -68
2 7 -23
2 8 -38
2 9 -71
2 10 -50
2 11 -82
2 12 -48
3 3 15
3 4 -39
3 6 -36
3 7 -47
3 9 -80
3 10 -76
3 12 -4
4 4 -85
4 6 -3
4 7 -64
4 8 -60
4 10 -18
4 11 -98
5 5 -53
5 6 -94
5 7 -6
5 8 -20
5 9 -44
5 10 -40
5 12 -22
6 6 -52
6 7 -11
6 8 -48
6 9 -25
6 11 -64
6 12 -91
7 7 -75
7 8 -92
7 10 -45
7 11 -65
7 12 -72
8 8 94
8 9 -6
8 11 -84
8 12 -51
9 9 -48
9 12 -72
10 10 -43
10 11 -14
11 11 -19
11 12 -84
12 12 71
