1 1 -46
1 2 -32
1 3 -47
1 4 -59
1 5 -36
1 6 -59
1 7 -96
1 8 -38
1 9 -72
1 10 -51
1 11 -79
1 12 -28
2 2 78
2 3 -22
2 4 -33
2 5 -42
2 6 -53
2 7 -16
2 8 -50
2 9 -59
2 10 -45
2 11 -6
2 12 -64
3 3 2
3 4 -60
3 5 -51
3 6 -5
3 7 -36
3 8 -65
3 9 -90
3 10 -94
3 11 -17
3 12 -21
4 4 44
4 5 -33
4 6 -83
4 7 -41
4 8 -20
4 9 -73
4 10 -35
4 11 -55
4 12 -76
5 5 64
5 6 -95
5 7 -57
5 8 -78
5 9 -46
5 10 -2
5 11 -7
5 12 -79
6 6 -81
6 7 -21
6 8 -95
6 9 -19
6 10 -74
6 11 -44
6 12 -13
7 7 85
7 8 -21
7 9 -32
7 10 -29
7 11 -97
7 12 -97
8 8 -20
8 9 -99
8 10 -19
8 11 -91
8 12 -89
9 9 8
9 10 -82
9 11 -81
9 12 -21
10 10 -7
10 11 -35
10 12 -28
11 11 71
11 12 -98
12 12 68
