1 1 67
1 2 -67
1 3 -43
1 4 -68
1 5 -99
1 6 -8
1 7 -11
1 8 -59
1 9 -61
1 10 -60
1 11 -7
1 12 -20
2 2 -40
2 3 -68
2 4 -76
2 5 -32
2 6 -59
2 7 -72
2 8 -9
2 9 -84
2 10 -25
2 11 -15
2 12 -83
3 3 -24
3 4 -43
3 5 -75
3 6 -56
3 7 -2
3 8 -84
3 9 -24
3 10 -93
3 11 -100
3 12 -65
4 4 86
4 5 -90
4 6 -29
4 7 -97
4 8 -42
4 9 -63
4 10 -87
4 11 -2
4 12 -26
5 5 49
5 6 -57
5 7 -43
5 8 -55
5 9 -9
5 10 -40
5 11 -54
5 12 -96
6 6 50
6 7 -45
6 8 -5
6 9 -32
6 10 -74
6 11 -70
6 12 -75
7 7 -51
7 8 -53
7 9 -9
7 10 -55
7 11 -6
7 12 -12
8 8 -63
8 9 -56
8 10 -17
8 11 -38
8 12 -7
9 9 6
9 10 -54
9 11 -70
9 12 -99
10 10 -63
10 11 -6
10 12 -78
11 11 71
11 12 -45
12 12 -16
