1 1 -15
1 3 -6
1 4 -70
1 5 -38
1 7 -85
1 8 -94
1 9 -86
1 12 -70
2 2 85
2 3 -69
2 4 -50
2 5 -91
2 6 -61
2 8 -66
2 9 -64
2 10 -91
2 11 -68
2 12 -12
3 3 39
3 4 -22
3 5 -86
3 6 -8
3 7 -60
3 8 -39
3 9 -31
3 10 -42
3 11 -79
3 12 -24
4 4 92
4 6 -48
4 7 -51
4 8 -83
4 9 -18
4 10 -58
4 11 -66
5 5 -94
5 6 -75
5 7 -24
5 8 -24
5 9 -15
5 10 -55
5 11 -75
5 12 -32
6 6 -90
6 7 -72
6 8 -51
6 9 -77
6 10 -57
6 11 -58
6 12 -98
7 7 41
7 8 -21
7 9 -79
7 10 -15
7 11 -94
7 12 -74
8 8 91
8 9 -27
8 10 -59
8 11 -47
8 12 -38
9 9 62
9 10 -56
9 11 -43
9 12 -11
10 10 20
10 11 -82
10 12 -29
11 11 91
11 12 -54
12 12 -43
