1 1 -50
1 2 -88
1 3 -4
1 4 -100
1 5 -56
1 6 -83
1 7 -35
1 8 -4
1 9 -3
1 10 -2
1 11 -58
1 12 -79
2 2 -60
2 3 -52
2 4 -42
2 5 -31
2 6 -5
2 7 -53
2 8 -63
2 9 -23
2 10 -38
2 11 -74
2 12 -91
3 3 -56
3 4 -86
3 5 -80
3 6 -27
3 7 -24
3 8 -16
3 9 -90
3 10 -89
3 11 -6
3 12 -45
4 4 -95
4 5 -92
4 6 -32
4 7 -99
4 8 -12
4 9 -97
4 10 -47
4 11 -34
4 12 -75
5 5 10
5 6 -77
5 7 -72
5 8 -66
5 9 -18
5 10 -39
5 11 -73
5 12 -6
6 6 65
6 7 -6
6 8 -4
6 9 -39
6 10 -11
6 11 -62
6 12 -80
7 7 -34
7 8 -87
7 9 -76
7 10 -30
7 11 -3
7 12 -15
8 8 38
8 9 -68
8 10 -83
8 11 -10
8 12 -27
9 9 -51
9 10 -71
9 11 -39
9 12 -81
10 10 -37
10 11 -41
10 12 -77
11 11 -90
11 12 -73
12 12 -99
