1 1 64
1 2 -19
1 3 -37
1 5 -66
1 6 -84
1 7 -54
1 8 -11
1 9 -54
1 10 -2
1 11 -58
1 12 -5
2 2 71
2 3 -80
2 4 -74
2 5 -66
2 6 -83
2 8 -75
2 9 -65
2 10 -54
2 11 -42
3 3 73
3 5 -97
3 6 -28
3 7 -87
3 8 -63
3 9 -67
3 10 -19
3 11 -75
3 12 -26
4 9 -71
4 11 -56
4 12 -3
4 4 14
5 5 -60
5 6 -72
5 7 -40
5 10 -31
5 11 -95
6 6 -49
6 7 -88
6 8 -68
6 9 -15
6 10 -93
6 12 -25
7 7 -12
7 9 -53
7 10 -16
7 11 -16
7 12 -8
8 8 -97
8 9 -97
8 10 -55
8 11 -58
8 12 -42
9 9 -71
9 10 -22
9 11 -81
9 12 -68
10 10 48
10 11 -62
10 12 -53
11 11 34
11 12 -16
12 12 -3
