1 1 9
1 2 -88
1 4 -44
1 5 -37
1 6 -70
1 7 -74
1 8 -68
1 9 -51
1 10 -58
1 11 -5
2 2 -75
2 5 -99
2 6 -8
2 7 -74
2 8 -66
2 9 -49
2 10 -21
2 12 -14
3 3 22
3 5 -59
3 6 -29
3 7 -56
3 8 -47
3 9 -2
3 10 -5
4 4 92
4 5 -30
4 6 -27
4 7 -98
4 8 -44
4 9 -46
4 11 -17
4 12 -92
5 5 -30
5 6 -90
5 8 -89
5 9 -50
5 10 -30
5 11 -16
5 12 -26
6 6 54
6 8 -22
6 9 -85
6 10 -24
6 11 -21
6 12 -20
7 7 -87
7 8 -42
7 9 -84
7 10 -93
7 11 -90
8 8 -12
8 9 -55
8 10 -87
8 11 -63
9 9 -11
9 10 -42
9 11 -46
9 12 -74
10 10 67
10 11 -15
11 11 -75
11 12 -26
12 12 62
