1 1 88
1 2 -79
1 3 -73
1 4 -20
1 5 -57
1 6 -68
1 7 -5
1 8 -54
1 9 -29
1 10 -66
1 11 -17
1 12 -81
2 2 45
2 3 -10
2 4 -10
2 5 -70
2 6 -36
2 7 -15
2 8 -100
2 9 -2
2 10 -74
2 11 -66
2 12 -75
3 3 -27
3 4 -39
3 5 -41
3 6 -7
3 7 -65
3 8 -2
3 9 -99
3 10 -3
3 11 -88
3 12 -6
4 4 11
4 5 -100
4 6 -22
4 7 -76
4 8 -68
4 9 -28
4 10 -2
4 11 -26
4 12 -83
5 5 -53
5 6 -64
5 7 -97
5 8 -37
5 9 -62
5 10 -60
5 11 -33
5 12 -69
6 6 -37
6 7 -36
6 8 -34
6 9 -8
6 10 -51
6 11 -77
6 12 -61
7 7 -29
7 8 -20
7 9 -77
7 10 -91
7 11 -63
7 12 -47
8 8 -16
8 9 -29
8 10 -32
8 11 -84
8 12 -61
9 9 45
9 10 -64
9 11 -89
9 12 -62
10 10 -60
10 11 -31
10 12 -41
11 11 -92
11 12 -45
12 12 42
