1 1 -13
1 2 34
1 3 -74
1 5 -90
1 7 -86
1 9 51
1 11 73
1 12 -96
1 13 25
1 14 -28
1 15 5
2 2 48
2 3 -64
2 4 -28
2 9 49
2 10 -20
2 11 -99
2 15 43
3 3 -19
3 4 20
3 5 -29
3 6 -4
3 7 43
3 8 22
3 10 -54
3 15 2
4 4 19
4 13 80
4 7 -23
5 5 -17
5 8 -3
5 9 58
5 10 -100
5 12 -59
5 14 5
6 6 99
6 7 10
6 10 -21
6 12 97
6 13 6
6 14 72
7 7 99
7 8 10
7 9 -68
7 13 13
8 8 -72
8 9 -19
8 10 32
8 11 -93
8 14 -32
8 15 27
9 9 -4
9 11 36
9 12 46
10 10 -28
10 11 13
10 14 13
10 15 -84
11 11 -15
11 15 30
12 12 13
12 13 41
12 15 -86
13 13 -1
14 14 -24
14 15 -43
15 15 -32
