1 1 -5
1 2 -88
1 3 39
1 4 21
1 5 -45
1 6 26
1 8 -91
1 10 -17
1 11 73
1 12 69
1 14 54
1 15 -80
2 2 28
2 3 5
2 4 -18
2 5 -69
2 7 42
2 8 -69
2 12 -12
2 13 -25
2 15 -20
3 3 36
3 4 9
3 5 57
3 8 -58
3 9 1
3 10 -5
3 13 17
3 14 32
4 4 62
4 5 71
4 7 -20
4 10 2
4 12 76
4 13 89
4 14 57
4 15 39
5 5 69
5 6 -15
5 8 53
5 11 51
5 12 80
5 13 -70
5 14 97
5 15 -44
6 6 97
6 8 -42
6 9 35
6 12 67
6 13 25
6 15 -79
7 7 5
7 8 36
7 9 1
7 10 91
8 8 4
8 9 -3
8 11 -13
8 15 54
9 9 -86
9 10 49
9 14 2
10 10 29
10 11 -28
10 14 -16
11 11 -65
11 12 3
11 13 -7
11 14 -73
12 12 -75
12 13 10
12 14 -56
12 15 -84
13 13 -18
13 14 16
14 14 -86
14 15 51
15 15 -76
