1 1 -37
1 2 9
1 4 75
1 5 -72
1 10 -39
1 11 71
1 12 -79
1 14 -22
1 15 40
2 2 87
2 4 -1
2 6 -24
2 7 -7
2 8 -90
2 9 -72
2 10 46
2 11 -38
2 12 43
2 13 85
2 14 95
2 15 80
3 3 -73
3 5 -73
3 6 20
3 7 10
3 8 -54
3 9 41
3 10 0
3 11 91
3 12 70
3 13 -56
3 14 79
3 15 17
4 4 81
4 5 -72
4 7 -65
4 8 -11
4 9 -27
4 10 37
4 13 22
4 14 55
4 15 -86
5 5 47
5 7 63
5 8 -29
5 10 -80
5 11 95
5 14 2
5 15 99
6 6 -98
6 10 25
6 11 34
6 12 -29
6 13 88
6 14 -69
7 7 78
7 11 -11
7 12 -75
7 13 79
7 14 54
7 15 6
8 8 -84
8 10 -51
8 11 9
8 12 77
8 13 51
8 15 -27
9 9 -43
9 12 -24
9 13 -15
9 14 70
9 15 -50
10 10 -64
10 11 -27
10 14 -3
11 11 22
11 12 -48
11 13 13
11 14 63
11 15 -6
12 12 28
12 13 -74
12 14 98
13 13 5
13 14 -25
14 14 48
14 15 98
15 15 6
