1 1 74
1 3 -63
1 4 79
1 5 93
1 6 -13
1 8 -56
1 9 -62
1 12 27
1 13 81
1 14 87
2 2 0
2 3 -21
2 4 81
2 5 -24
2 6 68
2 7 -65
2 9 -56
2 10 55
2 12 79
2 13 -45
2 14 50
2 15 -92
3 3 34
3 5 32
3 6 33
3 8 83
3 9 -86
3 12 -10
3 13 17
3 14 37
3 15 -100
4 4 65
4 6 -59
4 7 -95
4 9 -91
4 11 -53
4 12 -31
4 13 -13
4 14 -8
5 5 1
5 6 -46
5 7 72
5 8 -63
5 9 -92
5 11 -7
5 12 -75
5 13 2
5 14 40
5 15 21
6 6 14
6 7 89
6 8 -63
6 11 85
6 13 -21
6 14 -16
6 15 -76
7 7 6
7 8 66
7 14 -35
8 8 -67
8 9 40
8 10 6
8 11 -56
8 12 12
8 13 60
9 9 44
9 10 6
9 11 77
9 12 10
9 13 1
9 14 71
9 15 -91
10 10 -56
10 11 -29
10 12 -6
10 13 36
10 14 -28
10 15 -90
11 11 -8
11 12 12
11 14 -95
12 12 87
12 14 65
13 13 65
13 14 -43
14 14 -73
14 15 -82
15 15 -48
