1 1 -61
1 2 32
1 4 -37
1 7 7
1 8 64
1 9 42
1 10 33
1 11 89
1 15 -96
2 2 72
2 6 58
2 12 34
2 13 -18
2 14 77
3 3 -73
3 4 -44
3 5 56
3 6 57
3 9 -21
3 13 -71
3 14 -22
3 15 67
4 4 19
4 6 -33
4 8 -33
4 9 75
4 11 -36
4 12 0
4 13 -28
4 15 -70
5 5 56
5 7 -6
5 8 -40
5 10 81
5 11 51
5 12 -40
6 6 -27
6 9 -26
6 10 -92
6 12 14
6 13 78
6 14 10
6 15 -71
7 7 -79
7 8 -76
7 9 -12
7 14 94
8 8 -48
8 9 92
8 13 -28
8 15 8
9 9 35
9 13 66
10 10 2
10 15 -72
11 11 -90
11 15 -34
12 12 -92
12 13 -100
12 14 91
12 15 13
13 13 77
13 14 -96
13 15 18
14 14 70
14 15 46
15 15 -61
