1 1 -57
1 4 52
1 5 64
1 6 -9
1 7 -87
1 8 41
1 9 -13
1 10 1
1 11 -42
1 12 65
1 13 40
1 15 47
2 2 -97
2 8 85
2 9 -83
2 13 -59
2 14 -92
2 15 83
3 3 -49
3 4 42
3 5 60
3 6 -11
3 8 61
3 9 17
3 13 76
4 4 49
4 7 79
4 8 -92
4 10 82
4 11 -79
4 13 -99
4 14 65
4 15 -72
5 5 -29
5 6 -30
5 7 -18
5 11 -95
5 13 -38
5 14 72
6 6 -78
6 10 29
6 11 -33
6 12 36
6 13 -25
6 14 99
6 15 36
7 7 -55
7 8 -37
7 12 -5
7 13 7
7 14 51
8 8 43
8 11 11
8 13 42
8 14 -2
9 9 -25
9 10 61
9 12 -43
9 13 -72
9 14 33
10 10 -73
10 11 97
10 12 85
10 13 55
10 14 21
10 15 -91
11 11 85
11 12 -92
11 13 86
11 14 -20
11 15 16
12 12 -57
12 13 85
12 14 18
13 13 -16
13 15 -51
14 14 -5
15 15 -64
