1 1 4
1 2 1
1 3 -18
1 4 -99
1 5 -30
1 6 -31
1 7 -92
1 8 -17
1 9 -74
1 10 52
1 11 -61
1 12 45
1 13 58
1 14 70
1 15 65
2 2 3
2 3 79
2 4 -68
2 5 -62
2 6 19
2 7 -68
2 8 38
2 9 35
2 10 43
2 11 -64
2 12 87
2 13 57
2 14 -34
2 15 -41
3 3 0
3 4 29
3 6 21
3 7 21
3 8 31
3 9 -77
3 12 47
3 13 -16
3 15 41
4 4 69
4 5 -70
4 6 16
4 7 44
4 8 22
4 10 -83
4 11 -15
4 12 -72
4 13 -94
4 14 -70
4 15 -10
5 5 13
5 6 -49
5 7 -3
5 8 12
5 9 -63
5 10 -46
5 11 -92
5 12 31
5 13 96
5 14 87
5 15 -78
6 6 -94
6 7 29
6 8 -5
6 9 51
6 10 77
6 11 78
6 12 -89
6 13 -53
6 14 21
6 15 -51
7 7 -88
7 8 88
7 9 46
7 10 15
7 12 -27
7 13 -59
7 14 -87
7 15 37
8 8 -59
8 9 -4
8 10 -21
8 11 75
8 12 -72
8 13 45
8 14 -89
8 15 38
9 9 17
9 13 0
9 14 29
9 15 40
10 10 -40
10 11 70
10 12 -55
10 13 23
10 14 -4
11 11 62
11 12 42
11 13 -12
11 15 65
12 12 40
12 13 -73
12 14 7
12 15 -35
13 13 -35
13 14 45
13 15 -46
14 14 28
14 15 -44
15 15 -56
