1 1 -64
1 2 -4
1 6 -11
1 7 -52
1 10 60
1 13 7
1 15 69
2 2 -79
2 3 -40
2 4 -28
2 6 65
2 7 33
2 9 39
2 10 30
2 12 54
2 14 -58
2 15 -69
3 3 -11
3 4 -16
3 6 47
3 7 10
3 8 -34
3 9 33
3 12 -59
3 14 70
4 4 56
4 5 -26
4 6 16
4 7 11
4 9 45
4 10 92
4 11 94
4 13 82
5 5 41
5 6 53
5 8 6
5 10 -17
5 11 54
5 13 38
5 14 -3
5 15 -2
6 6 -99
6 8 -43
6 11 29
6 12 -7
6 13 -91
6 14 -81
7 7 73
7 8 76
7 9 -83
7 11 -50
7 14 -40
8 8 -60
8 13 -83
9 9 40
9 12 -17
10 10 42
10 13 -69
10 14 39
11 11 -55
11 12 31
11 14 -92
12 12 65
12 15 90
13 13 45
14 14 69
15 15 -50
