1 1 45
1 2 49
1 4 -79
1 5 91
1 6 74
1 7 79
1 8 5
1 9 54
1 10 -35
1 11 -82
1 12 -15
1 13 -55
1 14 -23
1 15 -3
2 2 -5
2 3 94
2 4 3
2 5 93
2 8 11
2 9 1
2 11 98
2 12 -87
2 13 62
2 14 -64
2 15 -54
3 3 8
3 4 61
3 5 66
3 6 90
3 7 -15
3 8 -6
3 9 86
3 10 82
3 11 50
3 12 56
3 13 43
3 14 -30
4 4 -22
4 5 -33
4 6 38
4 7 24
4 9 69
4 10 -88
4 12 -78
4 13 -36
4 14 -79
4 15 45
5 5 -62
5 6 -59
5 7 -40
5 8 64
5 9 78
5 10 99
5 11 40
5 12 -53
5 13 -32
5 14 75
5 15 -54
6 6 -6
6 7 -27
6 8 53
6 9 -89
6 10 -16
6 11 -83
6 12 -8
6 13 5
6 14 99
6 15 -73
7 7 -6
7 9 83
7 10 65
7 11 -49
7 12 96
7 13 -64
7 14 -37
7 15 63
8 8 -90
8 9 -39
8 10 15
8 11 -10
8 12 -4
8 13 18
8 14 -24
8 15 -86
9 9 -76
9 11 -3
9 12 -100
9 13 88
9 14 -90
9 15 53
10 10 -89
10 11 -40
10 12 69
10 13 64
10 14 -50
10 15 74
11 11 -20
11 12 8
11 13 72
11 14 -41
12 12 46
12 13 13
12 14 -49
12 15 96
13 13 -6
13 15 -69
14 14 -87
14 15 39
15 15 74
