1 1 63
1 4 66
1 5 -56
1 6 -76
1 11 13
1 13 53
2 2 -75
2 3 -39
2 4 -53
2 8 -5
2 9 73
2 11 30
3 3 64
3 6 52
3 8 -20
3 9 -68
3 11 -23
3 12 -21
3 13 66
3 14 9
4 4 53
4 6 81
4 9 37
4 10 6
4 11 -10
4 12 38
4 14 65
4 15 -50
5 5 0
5 6 26
5 7 50
5 10 72
5 14 -100
6 6 -17
6 7 -83
6 14 -39
7 7 -90
7 8 -78
7 9 -47
7 11 50
7 12 -92
7 13 -38
7 14 19
7 15 -82
8 8 -24
8 9 -31
8 11 19
8 13 -67
9 9 -48
9 11 -43
9 12 -77
9 15 19
10 10 96
10 12 74
11 11 90
11 12 25
11 13 77
11 14 44
11 15 38
12 12 21
12 15 -64
13 13 -23
13 14 -58
13 15 -46
14 14 77
14 15 86
15 15 30
