1 8 -12
1 1 -12
1 2 -12
1 6 19
1 7 -6
2 2 -35
2 3 -25
2 6 84
2 8 -45
2 9 7
2 12 3
2 13 -98
2 14 -35
2 15 -50
3 3 73
3 4 -36
3 5 -63
3 6 -10
3 9 78
3 10 -100
3 11 -57
3 12 -41
4 4 1
4 5 98
4 9 92
4 10 -55
4 12 -94
4 13 -3
4 14 33
4 15 -91
5 5 -7
5 6 15
5 8 35
5 11 -38
5 12 76
5 13 -56
5 14 82
5 15 -92
6 6 55
6 8 -36
6 10 -40
6 11 1
6 13 -89
6 14 -88
6 15 41
7 7 26
7 8 18
7 10 91
7 11 14
7 12 95
7 13 -12
7 14 80
7 15 -35
8 8 -74
8 9 -18
8 11 -12
8 12 -81
8 13 59
8 15 14
9 9 95
9 10 20
9 12 -42
9 13 -60
9 15 -76
10 10 -65
10 12 -23
10 14 -15
10 15 -26
11 11 -12
11 12 -34
12 12 12
12 13 -49
12 14 78
12 15 62
13 13 61
13 14 -69
14 14 58
15 15 -65
