1 1 -97
1 2 -53
1 4 25
1 8 30
1 9 69
1 11 55
1 14 -61
2 2 8
2 3 29
2 4 3
2 6 -45
2 7 43
2 8 26
2 9 36
2 10 62
2 11 -93
2 12 -11
2 13 -98
2 14 -100
2 15 -39
3 3 -55
3 4 -92
3 5 38
3 6 -32
3 9 94
3 10 -14
3 12 -31
3 14 -16
3 15 96
4 4 6
4 5 89
4 6 -57
4 7 -8
4 8 -42
4 9 6
4 10 90
4 11 -96
4 14 50
5 5 -81
5 6 86
5 7 52
5 9 13
5 13 59
5 14 48
5 15 -89
6 6 -2
6 8 81
6 9 -65
6 10 -36
6 11 49
6 13 18
6 15 -69
7 7 -44
7 9 -34
7 12 -42
7 13 18
7 14 -81
7 15 71
8 8 57
8 9 -72
8 10 22
8 11 75
8 13 70
8 15 39
9 9 -13
9 10 -87
9 11 -54
9 12 74
9 13 42
9 14 -5
9 15 -83
10 10 -74
10 11 -45
10 13 27
10 14 52
10 15 25
11 11 5
11 12 -5
11 13 -99
11 14 26
11 15 15
12 12 -2
12 13 28
12 14 58
13 13 -89
14 14 -83
14 15 23
15 15 -52
