1 1 -14
1 2 -90
1 3 3
1 4 37
1 5 -10
1 8 53
1 9 -32
1 11 82
1 12 -28
1 13 97
1 14 53
2 2 47
2 3 -18
2 4 64
2 5 -48
2 7 81
2 8 87
2 9 -66
2 10 -18
2 11 -72
2 12 18
2 13 -52
2 14 83
2 15 -97
3 3 -58
3 4 85
3 7 4
3 8 -74
3 9 -21
3 10 65
3 11 55
3 12 73
3 13 27
3 14 27
4 4 64
4 5 -17
4 6 -17
4 7 7
4 8 1
4 9 92
4 10 -7
4 11 28
4 12 -30
4 13 45
4 15 80
5 5 -59
5 6 38
5 7 -33
5 8 -96
5 10 -68
5 11 -64
5 13 -9
5 14 -36
6 6 -29
6 7 -67
6 8 -8
6 10 -42
6 12 -53
6 13 81
6 14 79
6 15 1
7 7 -59
7 8 -76
7 9 25
7 10 93
7 11 45
7 13 32
7 14 92
7 15 -32
8 8 -28
8 9 -26
8 10 -21
8 11 -14
8 14 -17
8 15 -88
9 9 31
9 10 -54
9 11 -60
9 12 -71
9 13 -67
9 14 -54
9 15 27
10 10 -19
10 12 -26
10 13 -73
10 14 -80
11 11 -81
11 12 -10
11 13 71
11 14 18
12 12 36
12 13 3
12 15 66
13 13 89
13 14 -79
13 15 -31
14 14 0
14 15 55
15 15 51
