1 1 -16
1 2 63
1 3 26
1 4 98
1 5 14
1 6 -58
1 8 -81
1 9 6
1 10 17
1 11 -80
1 13 -9
1 14 75
1 15 49
2 2 -21
2 3 -32
2 5 -60
2 7 7
2 8 37
2 10 -78
2 11 2
2 13 53
2 15 -8
3 3 -3
3 5 -18
3 6 18
3 7 -24
3 8 -49
3 10 -16
3 11 66
3 13 86
4 4 -60
4 7 75
4 8 -52
4 9 -40
4 10 0
4 11 85
4 13 -71
5 5 92
5 7 -34
5 9 24
5 10 96
5 12 -7
5 13 -19
5 15 84
6 12 -37
6 6 4
7 7 7
7 8 4
7 9 24
7 10 17
7 11 92
7 12 -40
7 14 58
8 8 -13
8 10 58
8 11 -74
8 13 -22
8 15 46
9 9 -49
9 10 -50
9 11 57
9 15 -70
10 10 -83
10 11 60
10 13 23
10 15 63
11 11 -31
11 12 86
11 13 77
11 14 65
12 12 -13
12 13 -6
12 14 -47
13 13 -49
13 14 -92
14 14 -27
14 15 -28
15 15 -49
