1 1 -43
1 2 87
1 3 -68
1 4 -10
1 5 -98
1 6 36
1 7 64
1 8 -77
1 9 -100
1 10 75
1 11 -78
1 12 42
1 13 69
1 14 90
1 15 5
2 2 89
2 3 -12
2 4 -62
2 5 79
2 6 21
2 7 86
2 8 -31
2 9 -61
2 10 40
2 11 -78
2 12 3
2 13 -37
2 14 85
2 15 28
3 3 -2
3 4 80
3 5 4
3 6 -13
3 7 91
3 8 -7
3 9 11
3 10 -49
3 11 71
3 12 -33
3 13 -34
3 14 46
3 15 -98
4 4 82
4 5 60
4 6 57
4 7 -76
4 8 57
4 9 -16
4 10 -79
4 11 -71
4 12 -2
4 13 73
4 14 -68
4 15 42
5 5 -73
5 6 39
5 7 7
5 8 56
5 9 -97
5 10 93
5 11 -14
5 12 31
5 13 -38
5 14 -61
5 15 9
6 6 -20
6 7 16
6 8 9
6 9 41
6 10 -16
6 11 -8
6 12 62
6 13 -40
6 14 -80
6 15 -54
7 7 -7
7 8 1
7 9 -95
7 10 28
7 11 -2
7 12 99
7 13 95
7 14 -85
7 15 -46
8 8 87
8 9 -65
8 10 63
8 11 97
8 12 58
8 13 95
8 14 -40
8 15 61
9 9 -21
9 10 -59
9 11 -90
9 12 29
9 13 -79
9 14 -59
9 15 80
10 10 -61
10 11 2
10 12 7
10 13 -22
10 14 -62
10 15 96
11 11 -2
11 12 -66
11 13 -92
11 14 -24
11 15 -68
12 12 -13
12 13 35
12 14 14
12 15 -37
13 13 73
13 14 -70
13 15 -38
14 14 -87
14 15 42
15 15 76
