1 1 15
1 2 -19
1 4 27
1 5 39
1 7 97
1 8 -27
1 9 -8
1 10 84
1 11 21
1 12 -10
1 13 51
1 15 28
2 2 -54
2 3 -86
2 4 -87
2 5 -60
2 6 80
2 7 23
2 8 -21
2 9 25
2 10 39
2 11 40
2 12 29
2 13 -12
2 14 35
2 15 67
3 3 -57
3 4 -37
3 5 -30
3 6 -38
3 7 56
3 8 24
3 9 -63
3 10 -9
3 12 99
3 13 -10
3 15 -3
4 4 -79
4 5 58
4 6 29
4 7 34
4 8 -51
4 9 -40
4 10 10
4 11 76
4 12 -5
4 13 64
4 14 40
4 15 -3
5 5 66
5 6 -29
5 7 62
5 8 87
5 9 -52
5 12 6
5 13 -84
5 14 70
5 15 -92
6 6 -56
6 7 60
6 8 72
6 9 -92
6 10 -15
6 11 -90
6 12 18
6 13 59
6 14 26
6 15 30
7 7 34
7 8 51
7 9 20
7 10 -67
7 12 -33
7 13 55
7 14 -74
7 15 16
8 8 -18
8 9 53
8 10 71
8 11 -65
8 12 -29
8 13 -55
8 15 13
9 9 -49
9 11 -86
9 12 14
9 13 -75
9 14 28
9 15 -59
10 10 -85
10 11 -18
10 12 31
10 13 -77
10 14 65
10 15 84
11 11 35
11 12 -51
11 13 -46
11 14 23
12 12 27
12 13 -62
12 14 86
12 15 99
13 13 29
13 14 14
13 15 -66
14 14 64
14 15 12
15 15 -54
