1 1 54
1 2 -69
1 4 -2
1 6 60
1 8 64
1 10 -92
1 11 -86
1 13 -21
1 15 87
2 2 -39
2 3 -7
2 6 77
2 8 81
2 10 8
2 11 -57
2 12 -28
2 13 -28
2 14 -18
2 15 -38
3 3 -84
3 7 -55
3 9 38
3 11 -22
3 12 73
3 14 90
3 15 -79
4 4 -98
4 5 -64
4 6 4
4 8 -18
4 10 42
4 12 -77
4 13 -24
4 14 -16
5 5 -21
5 8 6
5 10 23
5 11 37
5 14 -93
5 15 21
6 6 79
6 8 31
6 9 -27
6 10 47
6 11 -27
6 13 78
6 14 18
7 7 31
7 9 47
7 10 65
7 11 -56
7 12 -33
7 13 39
8 8 -91
8 9 21
8 10 -100
8 12 -57
8 13 78
8 15 70
9 9 -97
9 10 -71
9 11 37
9 13 -26
9 15 -72
10 10 -20
10 11 -83
10 14 -78
11 11 88
11 12 11
11 14 -51
11 15 31
12 12 -71
12 14 80
13 13 30
13 14 37
14 14 -6
14 15 85
15 15 -45
