1 1 -65
1 2 -91
1 3 62
1 4 36
1 5 -41
1 6 42
1 7 -94
1 8 59
1 9 -48
1 10 84
1 11 -38
1 12 77
1 13 -23
1 15 77
2 2 -74
2 6 -31
2 7 -57
2 8 -47
2 9 62
2 11 82
2 12 90
2 13 74
3 3 19
3 4 91
3 8 -3
3 9 -78
3 10 -96
3 12 11
3 13 -72
4 4 42
4 5 97
4 6 -66
4 7 -85
4 8 -81
4 10 -8
4 11 46
4 14 58
4 15 -69
5 5 80
5 7 74
5 9 38
5 10 -94
5 11 75
5 13 73
5 14 95
6 6 -17
6 7 -66
6 8 -97
6 10 -31
6 11 10
6 12 44
6 13 -97
7 7 63
7 9 -74
7 12 -93
7 13 55
7 14 -84
7 15 72
8 8 -91
8 10 6
8 11 -90
8 12 21
8 13 -42
8 14 56
8 15 -54
9 9 3
9 10 7
9 12 -93
9 14 53
9 15 41
10 10 -64
10 11 24
10 12 82
10 14 22
11 11 -40
11 12 -36
11 13 3
11 14 -41
12 12 -42
12 13 14
12 14 68
12 15 -55
13 13 -22
13 14 -13
13 15 26
14 14 32
14 15 -84
15 15 -73
