1 1 12
1 2 5
1 3 12
1 5 24
1 6 94
1 8 45
1 10 29
1 11 -33
1 12 37
1 13 39
2 2 -95
2 5 -76
2 7 22
2 8 -1
2 10 -74
2 12 95
2 13 34
2 15 17
3 10 32
3 3 -82
3 13 64
3 6 -12
4 4 17
4 5 50
4 6 -9
4 8 36
4 9 -17
4 11 -64
4 14 -63
5 5 -63
5 6 71
5 7 15
5 8 -62
5 11 -8
5 15 30
6 6 -50
6 7 96
6 8 77
6 9 2
6 14 57
6 15 24
7 7 48
7 8 -41
7 9 43
7 14 17
8 8 -92
8 9 -14
8 10 3
8 11 -25
8 15 -58
9 9 -50
9 11 81
9 12 16
9 13 -69
9 15 68
10 10 -5
10 11 89
10 14 79
10 15 -72
11 11 65
11 12 -92
11 13 18
12 12 -17
12 14 65
13 13 -63
14 14 31
15 15 -25
