1 1 3
1 2 -49
1 3 58
1 4 83
1 5 -44
1 6 -28
1 7 57
1 8 -11
1 10 -67
1 11 46
1 12 -19
1 13 -9
1 14 -44
1 15 -37
2 2 20
2 3 67
2 4 22
2 5 -12
2 6 -67
2 7 92
2 8 -82
2 11 98
2 13 47
2 14 52
2 15 -86
3 3 -24
3 4 -30
3 5 -23
3 6 20
3 7 88
3 8 54
3 9 -91
3 10 19
3 11 15
3 12 39
3 14 69
4 4 65
4 6 -31
4 7 64
4 9 47
4 10 -77
4 12 1
4 13 -49
4 14 -24
4 15 -30
5 5 -83
5 6 -31
5 7 -7
5 8 87
5 9 -78
5 10 69
5 11 68
5 12 -79
5 14 17
5 15 46
6 6 35
6 7 -31
6 8 -48
6 9 -100
6 10 86
6 11 35
6 12 -65
6 13 33
6 14 77
6 15 -52
7 7 -99
7 8 -24
7 9 22
7 10 -64
7 11 3
7 12 -42
7 13 -82
7 15 34
8 8 64
8 9 -62
8 10 25
8 11 -86
8 12 12
8 13 36
8 14 -65
8 15 -81
9 9 -29
9 10 -9
9 11 -23
9 12 68
9 13 -8
9 14 -24
9 15 -6
10 10 -59
10 11 92
10 12 30
10 13 -77
10 14 3
10 15 80
11 11 61
11 12 25
11 13 5
11 14 85
11 15 -64
12 12 77
12 13 -7
12 14 -83
12 15 8
13 13 82
13 14 70
13 15 4
14 14 54
14 15 25
15 15 36
