1 1 -44
1 2 -80
1 4 -47
1 5 -64
1 9 -72
1 10 58
1 11 87
1 12 27
1 13 72
1 14 46
2 2 -42
2 5 -59
2 6 21
2 7 16
2 8 20
2 9 -88
2 10 -71
2 11 -2
2 12 53
2 14 -80
2 15 57
3 3 45
3 5 89
3 6 55
3 7 65
3 8 -20
3 9 -66
3 10 90
3 11 11
3 15 33
4 4 -54
4 5 -94
4 6 -95
4 7 -31
4 8 -87
4 11 -88
4 12 1
4 14 75
4 15 25
5 5 89
5 6 2
5 7 -27
5 8 40
5 9 67
5 10 -10
5 11 -69
5 13 21
5 14 29
5 15 -40
6 6 -86
6 7 -83
6 8 -49
6 9 -15
6 11 -97
6 12 98
6 14 -28
7 7 26
7 8 72
7 10 -71
7 12 34
7 15 79
8 8 -47
8 10 8
8 13 -91
8 14 18
9 9 80
9 10 -20
9 12 69
9 13 73
9 14 -94
9 15 99
10 10 25
10 11 45
10 13 4
10 15 85
11 11 91
11 12 -71
11 14 70
11 15 75
12 12 -37
12 13 -77
12 14 -71
12 15 -23
13 13 -71
13 14 83
14 14 -98
14 15 -10
15 15 11
