1 1 99
1 2 -18
1 3 -39
1 4 -6
1 5 -7
1 6 -38
1 7 -74
1 8 -89
1 9 -85
1 10 -82
1 11 -8
1 12 -24
1 13 -2
1 14 -28
1 15 39
2 2 -6
2 3 60
2 4 -34
2 5 49
2 6 -86
2 7 -74
2 8 -92
2 9 86
2 10 17
2 11 -79
2 12 -71
2 13 -27
2 14 2
2 15 -49
3 3 -40
3 4 10
3 5 -17
3 6 -12
3 7 -53
3 8 48
3 9 16
3 10 -100
3 11 48
3 12 -71
3 13 -38
3 14 -97
3 15 73
4 4 53
4 5 83
4 6 73
4 7 47
4 8 70
4 9 -76
4 10 -96
4 11 44
4 12 -13
4 13 -72
4 14 17
4 15 -38
5 5 5
5 6 -33
5 7 63
5 8 97
5 9 34
5 10 -89
5 11 20
5 12 69
5 13 -8
5 14 -99
5 15 -100
6 6 -63
6 7 84
6 8 30
6 9 -83
6 10 7
6 11 -15
6 12 -16
6 13 97
6 14 95
6 15 24
7 7 40
7 8 37
7 9 83
7 10 49
7 11 17
7 12 -3
7 13 -49
7 14 11
7 15 54
8 8 38
8 9 37
8 10 -3
8 11 37
8 12 65
8 13 15
8 14 50
8 15 89
9 9 23
9 10 -44
9 11 -47
9 12 -16
9 13 -45
9 14 -100
9 15 -89
10 10 -62
10 11 71
10 12 -50
10 13 -52
10 14 -11
10 15 -60
11 11 -94
11 12 35
11 13 34
11 14 74
11 15 65
12 12 -67
12 13 -87
12 14 20
12 15 55
13 13 -68
13 14 75
13 15 -15
14 14 91
14 15 -34
15 15 19
