1 1 39
1 2 45
1 4 -88
1 6 74
1 7 -91
1 8 37
1 11 21
1 13 75
1 15 -7
2 2 66
2 5 -93
2 6 -31
2 7 -98
2 8 16
2 9 -79
2 10 45
2 11 -73
2 12 16
2 13 80
2 14 13
2 15 -10
3 3 -38
3 4 -32
3 5 85
3 6 43
3 8 14
3 9 -18
3 11 -58
3 13 -2
3 14 -97
3 15 44
4 4 -27
4 5 10
4 6 18
4 7 -42
4 8 53
4 9 92
4 10 -52
4 11 -9
4 12 41
4 13 34
4 14 -75
4 15 35
5 5 -37
5 8 -69
5 9 -42
5 10 34
5 11 48
5 12 66
5 13 17
5 14 -71
5 15 76
6 6 -47
6 7 50
6 8 63
6 9 27
6 10 -6
6 11 -86
6 14 55
6 15 -52
7 7 -39
7 8 -56
7 9 -15
7 10 19
7 11 -89
7 12 -79
7 14 94
7 15 -31
8 8 60
8 9 89
8 10 -60
8 11 -7
8 12 15
8 14 28
8 15 49
9 9 2
9 10 40
9 11 -94
9 12 85
9 13 -39
9 15 69
10 10 37
10 11 27
10 12 -71
10 13 46
10 14 -50
10 15 -13
11 11 34
11 12 -26
11 14 -80
12 12 19
12 13 39
12 14 -57
12 15 75
13 13 40
13 14 96
13 15 -57
14 14 -81
15 15 -51
