1 1 94
1 2 1
1 3 90
1 4 -40
1 6 44
1 7 -92
1 9 59
1 10 65
1 11 65
1 12 95
1 13 69
1 14 -98
2 2 -83
2 3 -73
2 5 -91
2 7 -89
2 9 10
2 10 -51
2 11 -25
2 12 16
2 13 -21
2 14 44
2 15 -4
3 3 -86
3 4 -23
3 5 63
3 6 -80
3 7 51
3 8 99
3 9 38
3 10 86
3 11 56
3 12 87
3 13 54
3 15 86
4 4 59
4 5 -98
4 6 25
4 7 -15
4 8 -55
4 9 81
4 10 -91
4 11 -94
4 12 21
4 13 -55
4 14 -70
5 5 70
5 7 -80
5 8 97
5 9 94
5 10 -15
5 11 88
5 12 9
5 13 -69
5 15 -77
6 6 79
6 7 -37
6 8 -10
6 9 -79
6 10 -96
6 11 91
6 12 54
6 13 58
6 15 62
7 7 51
7 9 -75
7 10 71
7 13 -43
7 14 -30
7 15 -75
8 8 -5
8 9 -42
8 10 -75
8 11 -26
8 12 71
8 13 -61
8 14 88
8 15 76
9 9 -14
9 10 16
9 11 30
9 12 90
9 14 -29
9 15 46
10 10 88
10 13 96
10 15 61
11 11 91
11 12 71
11 13 -4
11 14 -61
12 12 -11
12 14 -6
12 15 -60
13 13 8
13 14 65
14 14 53
14 15 75
15 15 -46
