1 1 21
1 2 99
1 3 -78
1 4 -99
1 6 -41
1 7 80
1 8 -74
1 9 -55
1 11 54
1 12 92
1 13 -41
1 14 69
1 15 18
2 2 1
2 3 -40
2 4 11
2 7 -24
2 9 -32
2 10 -39
2 11 56
2 12 11
2 13 -50
2 14 -95
2 15 -2
3 3 10
3 4 24
3 5 -19
3 7 9
3 8 38
3 9 -84
3 10 19
3 11 67
3 12 -36
3 13 80
3 14 -48
4 4 -66
4 5 16
4 6 3
4 7 -35
4 9 53
4 10 19
4 11 -30
4 12 -16
4 13 -36
4 14 -39
4 15 9
5 5 76
5 6 4
5 7 -48
5 8 44
5 9 -29
5 10 61
5 11 -43
5 12 13
5 13 -59
5 15 -75
6 6 85
6 7 -30
6 9 -54
6 12 94
6 13 94
6 14 48
6 15 2
7 7 -74
7 8 -30
7 9 -16
7 10 6
7 12 2
7 14 41
7 15 41
8 8 -19
8 9 -59
8 11 60
8 12 92
8 14 41
9 9 84
9 10 55
9 11 33
9 13 -48
9 14 -10
9 15 -4
10 10 -42
10 11 -83
10 12 -24
10 13 55
10 14 -10
10 15 49
11 11 15
11 12 98
11 13 -59
11 14 -39
12 12 -6
12 15 71
13 13 -25
13 14 -22
13 15 -79
14 14 -99
14 15 -78
15 15 57
