1 1 -93
1 2 56
1 5 47
1 6 -71
1 7 82
1 9 -47
1 10 91
1 11 -21
1 12 36
1 14 19
1 15 20
2 2 -35
2 6 25
2 11 95
2 12 33
2 13 -17
2 14 19
2 15 60
3 3 -23
3 6 -90
3 7 -73
3 8 -31
3 11 -22
3 15 -62
4 4 -80
4 5 59
4 6 -59
4 7 90
4 11 -72
4 14 73
4 15 5
5 5 86
5 7 39
5 11 -86
5 12 -89
5 15 -95
6 6 -22
6 7 -69
6 8 94
6 12 -64
6 13 18
7 7 -84
7 10 -56
7 12 42
7 14 -31
7 15 64
8 8 74
8 11 40
9 11 40
9 12 18
9 13 -91
9 9 44
10 10 62
10 11 90
10 14 -60
10 15 -63
11 11 -38
11 12 94
12 12 65
12 14 26
12 15 22
13 13 15
13 14 -65
13 15 -47
14 14 13
14 15 -36
15 15 81
