1 1 85
1 2 12
1 3 -30
1 4 -57
1 5 32
1 6 -76
1 7 99
1 8 32
1 9 71
1 10 -53
1 11 35
1 12 -67
1 13 -67
1 14 -83
1 15 72
2 2 57
2 3 73
2 4 17
2 5 40
2 6 30
2 7 -99
2 8 -47
2 9 78
2 10 -95
2 12 47
2 13 -71
2 14 63
2 15 -88
3 3 57
3 4 19
3 5 51
3 6 51
3 7 -16
3 8 68
3 9 -50
3 10 89
3 11 -44
3 12 66
3 13 -21
3 14 28
3 15 63
4 4 7
4 5 85
4 6 -99
4 8 -27
4 9 39
4 10 93
4 11 30
4 12 95
4 14 -86
4 15 -69
5 5 3
5 6 -74
5 8 57
5 9 -77
5 10 28
5 11 73
5 12 72
5 13 96
5 14 34
5 15 63
6 6 -6
6 7 65
6 8 94
6 9 38
6 12 -1
6 13 99
6 14 -8
7 7 -33
7 8 41
7 9 69
7 10 41
7 11 -96
7 12 -9
7 14 -51
7 15 -35
8 8 70
8 9 -22
8 10 98
8 11 -42
8 12 -88
8 13 0
8 14 0
8 15 87
9 9 83
9 10 -30
9 12 -13
9 13 -63
9 14 -3
9 15 -88
10 10 13
10 11 88
10 12 -41
10 14 43
11 11 5
11 12 -82
11 13 -6
11 14 58
11 15 -2
12 12 91
12 13 74
12 14 -60
12 15 46
13 13 68
13 14 23
13 15 -42
14 14 40
14 15 -98
15 15 96
