1 1 -6
1 2 -16
1 3 24
1 4 93
1 5 -49
1 6 -11
1 7 24
1 8 8
1 9 -52
1 10 -38
1 11 -93
1 12 68
1 13 -80
1 14 -85
1 15 -55
2 2 -3
2 3 18
2 4 -74
2 5 -82
2 6 36
2 7 -16
2 8 52
2 9 57
2 10 46
2 11 -3
2 12 74
2 13 52
2 14 -72
2 15 33
3 3 26
3 4 -37
3 5 65
3 6 -19
3 7 -63
3 8 14
3 9 33
3 10 5
3 11 -37
3 12 -65
3 13 5
3 14 12
3 15 -29
4 4 90
4 5 68
4 6 98
4 7 -40
4 8 -73
4 9 -52
4 10 -46
4 11 -89
4 12 90
4 13 -91
4 14 59
4 15 -25
5 5 -14
5 6 52
5 7 -69
5 8 35
5 9 -80
5 10 69
5 11 10
5 12 -93
5 13 -24
5 14 -70
5 15 -69
6 6 66
6 7 -85
6 8 -43
6 9 56
6 10 76
6 11 -11
6 12 -72
6 13 22
6 14 50
6 15 -30
7 7 45
7 8 74
7 9 42
7 10 75
7 11 55
7 12 -61
7 13 -1
7 14 57
7 15 -79
8 8 6
8 9 -12
8 10 -95
8 11 43
8 12 86
8 13 46
8 14 -89
8 15 19
9 9 -76
9 10 -100
9 11 -89
9 12 -39
9 13 -20
9 14 -24
9 15 -16
10 10 -9
10 11 -93
10 12 -45
10 13 24
10 14 73
10 15 55
11 11 -26
11 12 37
11 13 49
11 14 -33
11 15 21
12 12 -20
12 13 3
12 14 6
12 15 85
13 13 -75
13 14 -73
13 15 -30
14 14 46
14 15 -95
15 15 62
