1 1 76
1 2 5
1 4 77
1 5 23
1 6 71
1 8 -97
1 10 -87
1 11 -25
1 12 2
1 13 -65
1 15 -51
2 2 -89
2 3 -71
2 4 43
2 5 24
2 6 -66
2 7 -84
2 8 -21
2 9 13
2 10 -100
2 11 7
2 12 29
2 13 -56
2 14 76
2 15 -64
3 3 -62
3 4 14
3 5 45
3 6 11
3 7 18
3 8 67
3 9 29
3 11 58
3 12 53
3 13 2
3 14 11
3 15 20
4 4 -80
4 5 -20
4 6 -72
4 8 -53
4 10 -55
4 11 -56
4 12 -65
4 14 -83
4 15 -45
5 5 -76
5 6 87
5 7 32
5 8 21
5 9 -47
5 11 20
5 13 -44
5 14 48
5 15 31
6 6 -41
6 7 -51
6 8 -45
6 9 50
6 10 58
6 11 2
6 13 34
6 14 42
6 15 -2
7 7 61
7 8 90
7 9 -69
7 10 22
7 11 -48
7 12 93
7 13 35
7 14 53
8 8 -17
8 9 50
8 10 20
8 11 -16
8 12 93
9 9 19
9 11 -7
9 12 -50
9 15 69
10 10 30
10 11 22
10 12 80
10 14 -27
10 15 21
11 11 -96
11 12 -60
11 14 13
11 15 89
12 12 66
12 13 -59
12 14 98
13 13 -25
13 14 1
13 15 69
14 14 38
14 15 4
15 15 -10
