1 1 -39
1 2 79
1 3 85
1 4 94
1 7 72
1 11 -55
1 12 -43
1 14 92
2 2 65
2 3 58
2 5 57
2 6 -38
2 8 -55
2 10 -94
2 13 -37
2 14 -44
2 15 -71
3 3 12
3 4 68
3 5 -67
3 6 52
3 8 58
3 10 -80
3 11 79
3 13 -8
3 15 -24
4 4 58
4 5 -83
4 6 -27
4 8 -40
4 10 -56
4 11 -47
4 14 19
4 15 27
5 5 -30
5 6 19
5 7 -84
5 8 15
5 9 62
5 10 37
5 11 15
5 12 -67
5 15 -61
6 6 -62
6 7 21
6 8 -14
6 9 -30
6 10 96
6 11 26
6 12 -20
6 13 -66
6 15 -98
7 7 -50
7 8 -77
7 10 80
7 11 93
7 12 -73
7 13 -49
7 14 30
7 15 -14
8 8 48
8 9 27
8 10 81
8 11 43
8 12 60
8 13 -95
8 15 15
9 9 -31
9 10 -35
9 11 75
10 10 -84
10 11 -60
10 12 41
10 13 25
10 14 2
10 15 -52
11 11 76
11 12 66
11 13 95
12 12 51
12 13 91
12 14 30
12 15 -2
13 13 -97
13 14 -69
14 14 88
14 15 -18
15 15 -71
