1 1 28
1 2 -30
1 3 -28
1 4 -59
1 5 -11
1 6 -72
1 7 74
1 8 -4
1 9 86
1 10 -62
1 11 23
1 12 -61
1 13 25
1 14 -24
1 15 56
2 2 12
2 3 -47
2 4 0
2 5 80
2 6 -12
2 7 -11
2 8 -5
2 9 71
2 10 2
2 11 -8
2 12 -99
2 13 9
2 14 -100
2 15 -33
3 3 -69
3 4 -92
3 5 -95
3 6 -58
3 7 6
3 8 -33
3 9 69
3 10 -21
3 11 -15
3 12 74
3 13 -36
3 14 -69
3 15 -75
4 4 65
4 5 -59
4 6 -70
4 7 52
4 8 89
4 9 79
4 10 -41
4 11 61
4 12 57
4 13 68
4 14 -29
4 15 -66
5 5 -26
5 6 78
5 7 58
5 8 51
5 9 -8
5 10 82
5 11 49
5 12 -64
5 13 -58
5 14 66
5 15 -69
6 6 -89
6 7 38
6 8 29
6 9 43
6 10 -13
6 11 5
6 12 22
6 13 -82
6 14 21
6 15 -98
7 7 -55
7 8 -34
7 9 -90
7 10 -13
7 11 18
7 12 -40
7 13 -54
7 14 -26
7 15 69
8 8 42
8 9 -54
8 10 66
8 11 -62
8 12 2
8 13 75
8 14 67
8 15 -72
9 9 88
9 10 -81
9 11 42
9 12 47
9 13 -93
9 14 60
9 15 90
10 10 83
10 11 -33
10 12 34
10 13 16
10 14 -77
10 15 -39
11 11 -73
11 12 49
11 13 56
11 14 24
11 15 -20
12 12 18
12 13 5
12 14 29
12 15 29
13 13 13
13 14 -98
13 15 -61
14 14 9
14 15 45
15 15 -79
