1 1 32
1 5 79
1 6 -95
1 7 -71
1 8 34
1 12 44
2 2 52
2 3 -61
2 5 -43
2 6 -38
2 7 96
2 8 -2
2 10 67
2 14 -94
3 3 -21
3 6 -36
3 7 -40
3 8 -17
3 9 4
3 10 -17
3 13 66
4 4 -77
4 5 50
4 6 63
4 7 1
4 12 -24
4 13 -35
4 14 16
4 15 14
5 5 -86
5 8 -25
5 9 69
5 11 -17
5 13 -26
5 14 18
6 6 -55
6 8 -50
6 13 60
6 14 16
6 15 -64
7 7 -11
7 8 28
7 12 -52
7 14 72
8 8 -24
8 9 5
8 10 -65
8 13 43
8 15 -2
9 9 10
9 12 -35
9 15 -15
10 10 1
10 13 -32
10 14 -95
11 13 48
11 11 -80
11 12 81
11 15 85
12 12 92
12 13 -44
13 13 -96
13 14 26
13 15 61
14 14 -94
14 15 -6
15 15 89
