1 1 -91
1 5 -62
1 10 -67
1 11 -71
1 12 36
1 13 -46
2 2 3
2 4 80
2 5 -93
2 6 -89
2 7 -80
2 8 96
2 9 -88
2 10 -54
2 13 14
2 14 -24
2 15 90
3 3 5
3 4 17
3 6 52
3 7 -26
3 8 -45
3 9 6
3 10 -20
3 11 -43
3 13 8
3 14 -20
3 15 -43
4 4 12
4 5 -41
4 6 66
4 8 66
4 11 98
5 5 -70
5 6 50
5 8 -74
5 10 65
5 11 94
5 12 15
5 13 88
5 15 63
6 6 35
6 8 83
6 9 -84
6 10 52
6 12 64
6 13 38
6 14 -72
6 15 58
7 7 -65
7 8 -40
7 9 -41
7 12 96
7 14 -94
7 15 80
8 8 -90
8 9 -22
8 12 -40
9 9 -56
9 10 1
9 12 -64
9 13 -11
9 15 42
10 10 -12
10 12 84
10 13 18
10 14 2
10 15 9
11 11 35
11 12 -3
11 13 -13
11 15 91
12 12 -100
12 14 65
12 15 10
13 13 -85
14 14 1
15 15 47
