1 1 26
1 2 75
1 3 -82
1 4 -74
1 5 39
1 6 46
1 7 39
1 8 62
1 9 -62
1 10 -83
1 11 -46
1 12 -55
1 13 9
1 14 73
1 15 -87
2 2 -32
2 3 -62
2 4 96
2 5 -71
2 6 79
2 7 -7
2 8 48
2 9 -2
2 10 -75
2 11 71
2 12 -71
2 13 8
2 14 -36
2 15 -54
3 3 0
3 4 -52
3 5 -24
3 6 87
3 7 67
3 8 -68
3 9 -60
3 10 -68
3 11 -100
3 12 -74
3 13 88
3 14 75
3 15 16
4 4 -12
4 5 83
4 6 73
4 7 -76
4 8 49
4 9 51
4 10 44
4 11 -29
4 12 -96
4 13 -7
4 14 29
4 15 28
5 5 29
5 6 39
5 7 19
5 8 -89
5 9 -18
5 10 -60
5 11 67
5 12 93
5 13 94
5 14 17
5 15 -87
6 6 -79
6 7 -28
6 8 -97
6 9 75
6 10 85
6 11 -6
6 12 18
6 13 -68
6 14 -20
6 15 -20
7 7 -12
7 8 11
7 9 -93
7 10 51
7 11 91
7 12 -61
7 13 -97
7 14 -48
7 15 -73
8 8 -60
8 9 -89
8 10 -78
8 11 31
8 12 -67
8 13 -68
8 14 -55
8 15 -50
9 9 27
9 10 85
9 11 93
9 12 94
9 13 34
9 14 31
9 15 41
10 10 -79
10 11 72
10 12 41
10 13 -76
10 14 51
10 15 83
11 11 -94
11 12 -28
11 13 24
11 14 -61
11 15 -31
12 12 77
12 13 -30
12 14 -3
12 15 -61
13 13 5
13 14 72
13 15 79
14 14 -89
14 15 -84
15 15 73
