1 1 -66
1 2 98
1 3 -90
1 4 -61
1 5 -57
1 6 -47
1 7 86
1 8 53
1 9 -28
1 10 32
1 11 -38
1 12 70
1 13 -45
1 14 19
1 15 -28
2 2 9
2 3 25
2 4 5
2 5 -29
2 6 38
2 7 20
2 8 3
2 9 -27
2 10 -48
2 11 -48
2 12 -31
2 13 67
2 14 43
2 15 -33
3 3 -18
3 4 12
3 5 88
3 6 -36
3 7 -10
3 8 18
3 9 8
3 10 96
3 11 -31
3 12 15
3 13 -74
3 14 -98
3 15 -69
4 4 72
4 5 77
4 6 84
4 7 97
4 8 26
4 9 72
4 10 -66
4 11 8
4 12 16
4 13 -99
4 14 -79
4 15 72
5 5 -69
5 6 -72
5 7 28
5 8 33
5 9 -27
5 10 -62
5 11 -9
5 12 -47
5 13 -99
5 14 -28
5 15 -50
6 6 -31
6 7 65
6 8 36
6 9 17
6 10 -32
6 11 94
6 12 -66
6 13 50
6 14 62
6 15 65
7 7 86
7 8 -67
7 9 -8
7 10 25
7 11 49
7 12 68
7 13 38
7 14 -8
7 15 -82
8 8 57
8 9 92
8 10 72
8 11 20
8 12 12
8 13 21
8 14 -2
8 15 -64
9 9 57
9 10 51
9 11 -83
9 12 78
9 13 -31
9 14 -52
9 15 -9
10 10 63
10 11 -68
10 12 -19
10 13 58
10 14 -50
10 15 -5
11 11 10
11 12 97
11 13 -17
11 14 27
11 15 90
12 12 69
12 13 94
12 14 -19
12 15 -75
13 13 -13
13 14 7
13 15 -24
14 14 81
14 15 -50
15 15 -36
