1 1 19
1 2 -38
1 3 72
1 4 15
1 5 -84
1 6 -12
1 7 65
1 8 -64
1 9 55
1 10 29
1 11 41
1 12 -64
1 13 -88
1 14 -97
1 15 56
2 2 47
2 3 -91
2 4 -9
2 5 56
2 6 39
2 7 80
2 8 -19
2 9 91
2 10 40
2 11 -7
2 12 -22
2 13 63
2 14 -72
2 15 -67
3 3 -76
3 4 -86
3 5 -47
3 6 47
3 7 -75
3 8 -14
3 9 -70
3 10 -16
3 11 -59
3 12 81
3 13 -84
3 14 0
3 15 25
4 4 17
4 5 -42
4 6 -82
4 7 -100
4 8 29
4 9 88
4 10 72
4 11 -35
4 12 98
4 13 34
4 14 -40
4 15 -63
5 5 67
5 6 46
5 7 43
5 8 -89
5 9 -68
5 10 -50
5 11 70
5 12 11
5 13 33
5 14 -13
5 15 -58
6 6 13
6 7 -8
6 8 38
6 9 54
6 10 -19
6 11 -51
6 12 22
6 13 -3
6 14 39
6 15 -53
7 7 -49
7 8 5
7 9 -16
7 10 38
7 11 50
7 12 -95
7 13 -23
7 14 -47
7 15 38
8 8 93
8 9 -2
8 10 55
8 11 59
8 12 28
8 13 -38
8 14 -83
8 15 -25
9 9 23
9 10 -36
9 11 -67
9 12 5
9 13 -14
9 14 -34
9 15 89
10 10 -42
10 11 -73
10 12 59
10 13 -71
10 14 70
10 15 -84
11 11 -43
11 12 -42
11 13 19
11 14 -9
11 15 -79
12 12 -48
12 13 39
12 14 36
12 15 -71
13 13 -9
13 14 8
13 15 -76
14 14 81
14 15 89
15 15 -69
