1 1 -73
1 2 87
1 3 -21
1 4 54
1 5 50
1 6 80
1 7 57
1 8 64
1 9 -20
1 10 -52
1 11 27
1 12 -53
1 13 -57
1 14 10
1 15 42
2 2 -10
2 3 -95
2 4 19
2 5 56
2 6 -47
2 7 70
2 8 6
2 9 -44
2 10 65
2 11 16
2 12 -20
2 13 -27
2 14 58
2 15 60
3 3 -4
3 4 -15
3 5 -95
3 6 89
3 7 -100
3 8 77
3 9 45
3 10 27
3 11 -30
3 12 -52
3 13 37
3 14 59
3 15 -60
4 4 96
4 5 23
4 6 -36
4 7 60
4 8 75
4 9 92
4 10 -7
4 11 -73
4 12 44
4 13 -74
4 14 98
4 15 -31
5 5 -34
5 6 67
5 7 48
5 8 43
5 9 47
5 10 25
5 11 44
5 12 -8
5 13 -84
5 14 73
5 15 16
6 6 -20
6 7 -11
6 8 47
6 9 -41
6 10 -47
6 11 -57
6 12 75
6 13 64
6 14 -77
6 15 -5
7 7 86
7 8 -77
7 9 95
7 10 82
7 11 -68
7 12 37
7 13 32
7 14 45
7 15 49
8 8 63
8 9 -46
8 10 -50
8 11 -55
8 12 37
8 13 -64
8 14 -51
8 15 -99
9 9 -81
9 10 81
9 11 78
9 12 -26
9 13 -52
9 14 67
9 15 51
10 10 -30
10 11 83
10 12 -91
10 13 41
10 14 -24
10 15 35
11 11 -77
11 12 15
11 13 -36
11 14 35
11 15 -97
12 12 14
12 13 44
12 14 3
12 15 49
13 13 2
13 14 98
13 15 25
14 14 52
14 15 -2
15 15 94
