1 1 -77
1 2 79
1 4 90
1 6 -76
1 8 70
1 9 -51
1 10 77
1 11 -83
1 12 -66
1 13 -29
1 14 -70
2 2 11
2 3 -30
2 5 -96
2 6 -34
2 7 -84
2 9 95
2 11 -85
2 12 22
2 13 27
2 15 67
3 3 -38
3 4 98
3 6 72
3 7 -25
3 10 -75
3 11 96
3 12 61
4 4 19
4 6 28
4 9 -2
4 10 -58
4 13 61
4 14 98
4 15 27
5 5 -75
5 6 -7
5 7 59
5 8 45
5 9 85
5 10 -22
5 11 86
5 13 -92
5 14 84
6 6 88
6 7 39
6 8 60
6 11 -17
6 12 14
6 13 -86
6 14 30
7 7 -46
7 8 31
7 9 74
7 10 75
7 11 -21
7 12 -70
7 13 -24
7 14 -28
7 15 59
8 8 11
8 9 -48
8 11 -35
8 12 63
8 13 -40
8 14 58
8 15 62
9 9 27
9 12 88
9 13 -67
9 14 -68
9 15 -32
10 10 -40
10 11 57
10 12 5
10 13 61
10 15 -11
11 11 77
11 12 58
12 12 92
12 14 70
12 15 -10
13 13 83
13 14 -47
13 15 -33
14 14 54
14 15 29
15 15 -50
