1 1 -100
1 3 89
1 4 58
1 7 -73
1 8 20
1 11 -88
1 12 -64
1 13 16
1 14 -73
1 15 -41
2 8 -80
2 2 70
2 3 -24
2 12 -76
2 7 -67
3 3 -88
3 4 -26
3 7 8
3 8 99
3 10 -13
3 11 1
3 13 -25
3 14 -33
3 15 -83
4 4 20
4 5 5
4 10 -85
4 13 43
4 14 -34
5 5 87
5 7 41
5 8 -42
5 9 -11
5 11 -44
5 13 56
5 14 -48
5 15 45
6 6 10
6 7 66
6 9 60
6 10 -45
6 11 -36
6 13 21
7 7 -42
7 10 -68
7 14 -97
8 8 29
8 14 -11
8 15 -12
9 9 -79
9 10 73
9 11 -25
9 13 2
10 10 81
10 11 -91
10 12 51
10 13 -78
10 14 96
11 11 -58
11 15 24
12 12 96
12 14 -30
13 13 48
13 14 43
13 15 58
14 14 -90
15 15 50
