1 1 38
1 2 -87
1 4 4
1 5 -80
1 6 -89
1 7 46
1 8 44
1 9 -56
1 10 28
1 11 45
1 12 90
1 14 -62
1 15 6
2 2 44
2 3 9
2 4 42
2 5 -42
2 6 76
2 7 77
2 8 -55
2 9 -46
2 10 12
2 11 39
2 12 -16
2 13 25
2 15 87
3 3 -20
3 5 -6
3 6 -12
3 7 11
3 8 30
3 9 -23
3 10 -94
3 11 -80
3 13 74
3 14 -61
3 15 -4
4 4 48
4 5 -3
4 6 73
4 7 -21
4 8 88
4 9 -8
4 11 -42
4 12 -66
4 13 83
4 14 99
4 15 -59
5 5 73
5 6 -41
5 7 11
5 8 16
5 9 89
5 10 -64
5 11 -55
5 12 19
5 13 58
5 14 -99
5 15 92
6 6 24
6 7 20
6 8 -98
6 9 34
6 10 69
6 11 -79
6 12 -98
6 14 -3
6 15 -85
7 7 40
7 8 -3
7 9 -96
7 10 72
7 11 31
7 12 43
7 14 -80
8 8 -71
8 9 -52
8 10 -94
8 11 36
8 12 53
8 13 44
8 14 -45
8 15 -97
9 9 90
9 10 -21
9 11 -6
9 12 -9
9 13 55
9 14 -68
10 10 60
10 11 99
10 12 -44
10 13 -13
10 14 3
10 15 43
11 11 72
11 12 -55
11 13 -94
11 14 -69
12 12 -58
12 13 -30
12 14 54
12 15 86
13 13 -84
13 14 -41
13 15 -74
14 14 -46
14 15 45
15 15 -1
