1 1 48
1 2 -5
1 3 63
1 4 -94
1 5 -6
1 6 40
1 7 77
1 8 1
1 9 -99
1 10 42
1 12 65
1 13 -16
1 15 -34
2 2 39
2 3 5
2 4 17
2 5 -8
2 6 62
2 7 87
2 8 -68
2 9 -51
2 10 -58
2 11 -92
2 12 83
2 13 28
2 14 -39
2 15 -6
3 3 21
3 4 -49
3 5 -12
3 7 52
3 9 -77
3 10 72
3 11 95
3 12 -88
3 13 44
3 14 -20
3 15 46
4 4 24
4 6 -56
4 7 82
4 8 33
4 9 -58
4 10 65
4 11 -98
4 12 -33
4 13 -46
4 14 53
4 15 -38
5 5 -47
5 6 79
5 7 -89
5 9 -69
5 10 83
5 12 42
5 13 85
5 15 77
6 6 44
6 8 91
6 9 83
6 10 87
6 12 -2
6 13 77
6 14 -4
6 15 -1
7 7 -67
7 9 -68
7 13 0
7 15 43
8 8 80
8 9 -14
8 11 79
8 12 35
8 13 50
9 9 -12
9 10 44
9 11 -40
9 13 -5
9 14 13
9 15 89
10 10 -15
10 11 67
10 12 -72
10 13 -38
10 14 49
10 15 -59
11 11 -88
11 12 -3
11 13 -76
11 14 -76
11 15 -90
12 12 -28
12 13 84
13 13 -4
13 14 59
13 15 -55
14 14 -93
14 15 -13
15 15 -74
