1 1 -88
1 2 95
1 3 72
1 4 85
1 5 11
1 6 -73
1 7 -72
1 8 61
1 9 -54
1 10 -62
1 11 -83
1 12 56
1 13 -7
1 14 -2
1 15 -90
2 2 66
2 3 48
2 4 17
2 5 -30
2 6 35
2 7 36
2 8 47
2 9 -38
2 10 -86
2 11 -83
2 12 -53
2 13 20
2 14 6
3 3 -66
3 5 86
3 6 57
3 7 82
3 9 -25
3 10 61
3 12 12
3 14 -27
3 15 99
4 4 41
4 5 80
4 6 -70
4 7 -16
4 8 99
4 9 33
4 10 16
4 11 -8
4 13 41
4 15 -45
5 5 92
5 6 72
5 7 -61
5 8 6
5 9 63
5 10 41
5 11 -42
5 12 24
5 13 -52
5 14 -41
5 15 67
6 6 -50
6 7 -67
6 8 94
6 9 -72
6 10 89
6 11 -85
6 12 51
6 13 65
6 14 83
6 15 -94
7 7 30
7 8 23
7 9 -52
7 10 84
7 11 5
7 12 12
7 13 -77
7 14 49
7 15 -91
8 8 -50
8 9 -54
8 11 57
8 12 91
8 13 -3
8 14 -74
8 15 -32
9 9 96
9 10 -100
9 11 26
9 12 -21
9 13 -58
9 14 -49
10 10 -7
10 11 6
10 13 38
10 14 -58
10 15 -54
11 11 58
11 12 87
11 13 99
11 14 26
11 15 -49
12 12 20
12 13 16
12 15 54
13 13 -35
13 14 69
13 15 -66
14 14 -11
14 15 -32
15 15 82
