1 1 31
1 5 94
1 6 -5
1 7 55
1 8 32
1 9 40
1 10 77
1 12 -42
1 13 67
1 14 -74
1 15 60
2 2 -17
2 3 1
2 5 -55
2 6 95
2 7 -67
2 8 -47
2 9 -16
2 10 60
2 11 -5
2 12 58
2 13 93
2 14 -71
3 3 -10
3 5 -94
3 6 -41
3 7 -13
3 8 -12
3 9 -72
3 10 -94
3 11 -80
3 12 70
3 13 56
3 14 -54
3 15 32
4 4 -41
4 5 36
4 6 49
4 7 -87
4 8 43
4 9 8
4 10 -90
4 11 -84
4 12 27
4 13 -92
4 15 17
5 5 -98
5 6 1
5 7 -6
5 8 -25
5 9 -41
5 10 -19
5 11 59
5 13 -3
5 14 35
5 15 -59
6 6 -85
6 7 -60
6 8 12
6 9 -38
6 10 97
6 11 58
6 12 77
6 15 37
7 7 67
7 8 -4
7 9 18
7 10 58
7 12 95
7 13 -38
7 14 -7
7 15 42
8 8 -14
8 9 37
8 11 23
8 12 51
8 14 -29
8 15 48
9 9 50
9 10 -80
9 11 50
9 13 90
9 14 17
9 15 76
10 10 -7
10 11 41
10 13 30
10 14 26
11 11 -56
11 12 -62
11 13 25
11 14 26
11 15 -6
12 12 59
12 13 -46
13 13 59
14 14 5
14 15 -50
15 15 44
