1 1 41
1 2 3
1 6 92
1 8 70
1 9 -100
1 10 18
1 11 -32
1 12 -33
1 13 -6
1 14 -59
2 2 34
2 3 30
2 4 65
2 5 -56
2 6 -6
2 8 -83
2 9 -53
2 11 -42
2 12 -69
2 15 42
3 3 63
3 4 -16
3 5 -32
3 6 89
3 7 -58
3 9 -19
3 11 -20
3 12 46
3 13 74
3 14 95
4 4 9
4 5 36
4 8 2
4 9 71
4 11 -44
4 12 -53
4 13 -18
4 14 89
4 15 64
5 5 83
5 7 -27
5 8 40
5 10 79
5 11 95
5 12 59
5 13 47
5 14 89
5 15 -81
6 6 0
6 10 45
6 13 47
6 14 -38
7 7 67
7 8 -54
7 9 -97
7 10 10
7 11 -11
7 12 11
7 13 60
7 14 92
7 15 57
8 8 -5
8 9 -46
8 10 39
8 11 -25
8 12 -50
8 13 4
8 14 -65
8 15 -58
9 9 31
9 10 66
9 11 -85
9 12 -27
10 10 56
10 12 -32
10 13 -61
10 14 -8
10 15 75
11 11 -54
11 14 -90
11 15 62
12 12 69
12 14 -45
13 13 -58
13 15 3
14 14 24
14 15 98
15 15 68
