1 1 -29
1 2 -91
1 3 65
1 5 -5
1 6 23
1 7 -27
1 8 7
1 9 88
1 11 32
1 12 66
1 14 16
1 15 -90
2 2 -49
2 4 0
2 5 28
2 6 19
2 7 59
2 8 -85
2 9 63
2 10 -38
2 11 29
2 13 20
2 15 9
3 3 65
3 4 -12
3 5 -63
3 6 75
3 7 -93
3 8 39
3 9 18
3 10 17
3 11 -53
3 12 99
3 13 92
3 15 -33
4 4 -59
4 6 16
4 8 -42
4 9 85
4 10 -22
4 11 -18
4 12 -23
4 13 26
4 14 60
4 15 -8
5 5 -75
5 6 -89
5 7 -23
5 9 -60
5 11 -42
5 12 -100
5 14 65
5 15 60
6 6 -22
6 7 -46
6 9 -30
6 10 -84
6 11 17
6 13 59
6 14 -20
6 15 77
7 7 11
7 8 4
7 9 98
7 10 32
7 11 78
7 12 -57
7 13 -30
7 14 -43
7 15 -59
8 8 31
8 9 -73
8 10 97
8 11 -49
8 13 50
8 15 6
9 9 20
9 10 -19
9 12 50
9 13 23
9 14 90
10 10 55
10 11 -26
10 12 73
10 13 46
10 15 -10
11 11 49
11 12 -52
11 14 -6
11 15 85
12 12 -11
12 13 54
12 14 25
12 15 -83
13 13 -89
13 14 -98
14 14 -14
14 15 -96
15 15 70
