1 1 91
1 3 -24
1 7 46
1 9 22
1 10 8
1 11 -77
1 12 0
2 2 48
2 3 33
2 4 73
2 6 88
2 12 -67
2 15 67
3 3 -25
3 6 22
3 8 -77
3 9 7
3 10 -36
3 11 49
3 14 -88
3 15 11
4 4 42
4 5 57
4 6 -100
4 7 22
4 10 -31
4 11 80
4 13 85
4 15 69
5 5 -12
5 6 -5
5 7 -80
5 9 34
5 10 -55
5 11 -90
5 12 -81
5 13 -2
5 14 -58
6 6 -30
6 8 -67
6 10 5
6 11 -79
6 13 96
6 14 71
6 15 -65
7 7 -25
7 11 18
7 12 -63
7 13 -28
7 14 24
7 15 -95
8 8 18
8 9 90
8 11 -21
8 12 24
8 13 11
8 14 73
8 15 -58
9 9 -65
9 12 6
9 13 -87
9 14 -65
10 10 -73
10 11 78
10 12 54
10 15 13
11 11 11
11 12 -1
11 13 -73
11 15 16
12 12 94
12 13 92
13 13 -13
13 14 -12
13 15 73
14 14 65
14 15 -13
15 15 94
