1 1 -81
1 2 -99
1 3 82
1 4 29
1 5 43
1 6 0
1 7 -42
1 8 -89
1 9 93
1 10 16
1 11 -95
1 12 -88
1 13 13
1 14 -41
1 15 67
2 2 28
2 3 88
2 4 54
2 5 78
2 6 -89
2 7 -15
2 8 -21
2 9 62
2 10 -76
2 11 80
2 12 -23
2 13 -88
2 14 40
2 15 69
3 3 81
3 4 37
3 5 -87
3 6 55
3 7 -83
3 8 -53
3 9 8
3 10 5
3 11 37
3 12 -66
3 13 -51
3 14 84
3 15 42
4 4 7
4 5 75
4 6 -31
4 7 78
4 8 74
4 9 -24
4 10 94
4 11 12
4 12 74
4 13 -10
4 14 95
4 15 -85
5 5 5
5 6 38
5 7 -93
5 8 -15
5 9 -68
5 10 86
5 11 -83
5 12 68
5 13 86
5 14 32
5 15 77
6 6 -77
6 7 -4
6 8 6
6 9 37
6 10 66
6 11 -98
6 12 37
6 13 10
6 14 -1
6 15 36
7 7 -82
7 8 -3
7 9 41
7 10 -13
7 11 -97
7 12 -59
7 13 -20
7 14 15
7 15 -10
8 8 47
8 9 3
8 10 21
8 11 -21
8 12 -9
8 13 -74
8 14 -92
8 15 73
9 9 54
9 10 51
9 11 -30
9 12 -96
9 13 -46
9 14 -54
9 15 83
10 10 17
10 11 -74
10 12 -54
10 13 39
10 14 4
10 15 85
11 11 -9
11 12 -2
11 13 22
11 14 -75
11 15 -91
12 12 -48
12 13 -14
12 14 -71
12 15 -54
13 13 14
13 14 -87
13 15 -93
14 14 4
14 15 84
15 15 71
