1 1 0
1 2 86
1 3 -54
1 4 -91
1 5 -92
1 6 -93
1 7 -65
1 9 -80
1 10 51
1 11 81
1 12 -8
1 13 28
1 14 94
1 15 -70
2 2 -17
2 3 -97
2 4 1
2 5 -34
2 6 58
2 8 -83
2 9 -14
2 10 93
2 11 14
2 12 -34
2 13 72
2 14 34
2 15 34
3 3 3
3 4 8
3 6 65
3 7 -1
3 8 41
3 9 13
3 10 11
3 11 8
3 12 36
3 14 7
4 4 -53
4 5 14
4 6 -33
4 7 89
4 8 -98
4 10 42
4 11 41
4 12 -1
4 13 9
4 14 -51
4 15 -63
5 5 -11
5 6 -11
5 7 -71
5 8 -29
5 9 47
5 10 12
5 12 -6
5 13 -57
5 14 -62
5 15 -8
6 6 67
6 8 14
6 9 81
6 10 -14
6 11 -43
6 12 -93
6 13 -34
6 14 -29
6 15 -4
7 7 78
7 8 -82
7 9 -4
7 10 33
7 11 13
7 12 29
7 13 11
7 14 -94
7 15 -31
8 8 83
8 10 23
8 11 -50
8 12 90
8 13 -54
8 14 -69
8 15 23
9 9 -39
9 10 45
9 11 -69
9 12 83
9 13 43
9 14 53
9 15 -41
10 10 60
10 11 97
10 12 -89
10 13 45
10 14 -88
11 11 -45
11 12 53
11 13 24
11 14 63
11 15 89
12 12 -9
12 13 34
12 14 -93
12 15 34
13 13 -89
13 15 -16
14 14 -77
14 15 -46
15 15 1
