1 1 -35
1 2 51
1 3 -42
1 5 95
1 7 96
1 9 10
1 11 18
1 12 3
1 14 -74
2 2 49
2 3 -57
2 4 -73
2 6 51
2 8 -92
2 9 92
2 11 -31
2 15 8
3 3 17
3 4 -71
3 5 39
3 6 59
3 7 75
3 9 0
3 11 86
3 13 91
3 14 -6
3 15 7
4 4 -73
4 5 22
4 6 89
4 7 -4
4 8 83
4 10 -40
4 11 98
4 13 -38
5 5 -76
5 6 75
5 7 93
5 8 -39
5 9 11
5 12 94
5 13 60
5 14 84
6 6 -52
6 7 31
6 9 53
6 12 35
6 14 65
7 7 96
7 9 44
7 10 -21
7 12 -78
7 14 29
7 15 27
8 8 -79
8 12 -81
8 15 49
9 9 96
9 11 -43
9 12 93
9 14 -85
10 10 -83
10 11 -10
10 12 -63
10 14 -66
10 15 0
11 11 -49
11 12 -44
11 13 -51
11 14 95
12 12 -84
12 14 -70
12 15 27
13 13 11
13 14 17
13 15 -57
14 14 50
15 15 -98
