1 1 -54
1 2 31
1 3 44
1 4 92
1 5 -79
1 6 -19
1 7 82
1 8 -1
1 9 -3
1 10 45
1 11 -56
1 12 -70
1 13 27
1 14 42
2 2 32
2 3 -40
2 4 -95
2 5 -75
2 6 94
2 7 57
2 8 -19
2 9 3
2 11 -51
2 13 -35
2 14 -9
2 15 77
3 3 9
3 4 95
3 5 -18
3 7 -94
3 8 -23
3 9 19
3 10 48
3 12 -96
3 13 -83
3 14 -56
3 15 -40
4 4 -38
4 5 -82
4 6 -55
4 8 53
4 9 17
4 10 -76
4 11 -71
4 12 25
4 13 40
4 14 -68
4 15 -65
5 5 -82
5 6 -61
5 7 21
5 8 80
5 9 80
5 10 86
5 11 -17
5 13 76
5 14 75
5 15 -52
6 6 51
6 7 -95
6 8 77
6 9 63
6 10 33
6 11 -13
6 12 -91
6 13 -92
6 14 28
6 15 -60
7 7 -33
7 9 -69
7 10 56
7 11 92
7 12 -61
7 13 15
7 14 52
7 15 3
8 8 54
8 9 -59
8 10 42
8 11 -34
8 12 41
8 14 -27
8 15 18
9 9 63
9 10 2
9 11 -6
9 12 75
9 13 -1
9 14 77
9 15 -100
10 10 -32
10 11 -70
10 12 -16
10 13 -19
10 14 -92
10 15 23
11 11 -87
11 12 53
11 13 -3
11 14 -17
11 15 63
12 12 -51
12 13 61
12 15 90
13 13 -38
13 14 28
14 14 -44
14 15 6
15 15 -59
