1 1 -88
1 2 -56
1 3 36
1 4 -7
1 5 51
1 6 96
1 8 -12
1 9 55
1 10 -92
1 11 12
1 12 35
1 13 0
1 15 -49
2 2 78
2 3 7
2 4 -54
2 5 7
2 6 -100
2 7 60
2 8 59
2 9 -30
2 10 -54
2 11 -3
2 12 44
2 14 91
2 15 -98
3 3 -66
3 5 68
3 6 27
3 7 -72
3 9 44
3 10 -97
3 11 -15
3 12 87
3 13 -21
3 14 43
4 4 -19
4 6 -56
4 8 -63
4 9 -30
4 10 -9
4 12 27
4 13 9
4 14 78
4 15 -6
5 5 34
5 6 -13
5 7 99
5 8 17
5 9 -1
5 10 -77
5 12 -17
5 13 83
5 14 8
6 6 -90
6 8 -70
6 9 91
6 10 77
6 11 -28
6 12 6
6 13 31
6 14 -87
6 15 -27
7 7 -92
7 9 -20
7 10 -40
7 11 6
7 14 -93
7 15 -46
8 8 -30
8 9 -16
8 10 -13
8 11 -87
8 12 -5
8 13 -5
8 14 9
9 9 52
9 10 -19
9 11 -23
9 12 -58
9 13 -82
9 14 -86
10 10 -71
10 11 18
10 14 -30
11 11 71
11 12 -77
11 13 34
11 14 51
11 15 19
12 12 19
12 14 50
12 15 71
13 13 -59
13 14 -44
13 15 -86
14 14 23
14 15 15
15 15 -80
