1 1 -61
1 5 -72
1 7 39
1 8 -100
1 9 28
1 10 70
1 12 -67
1 14 81
1 15 -64
2 2 -30
2 3 63
2 4 -48
2 5 6
2 7 58
2 8 83
2 11 -48
2 13 -37
2 14 -91
2 15 -17
3 3 98
3 4 -27
3 5 7
3 6 -29
3 11 -72
3 12 92
3 14 68
3 15 -7
4 4 73
4 5 -16
4 10 -67
4 12 -9
4 13 -77
4 15 46
5 5 -35
5 6 -63
5 7 -63
5 8 20
5 11 38
5 15 44
6 6 -71
6 8 -75
6 10 -58
6 12 -81
6 13 57
6 14 69
7 7 42
7 8 35
7 9 28
7 10 -74
7 13 -94
7 14 -32
7 15 -29
8 8 -20
8 9 60
8 12 -15
8 14 28
8 15 74
9 9 -49
9 10 49
9 11 -82
9 12 67
9 13 80
10 10 -91
10 11 -80
10 12 -52
10 14 27
10 15 95
11 11 -45
11 12 23
11 13 16
12 12 10
12 13 1
12 14 41
13 13 90
13 14 82
14 14 -24
14 15 -34
15 15 -88
