1 1 -37
1 2 5
1 4 43
1 5 21
1 7 -54
1 10 -68
1 11 -34
1 13 94
1 14 1
2 2 58
2 4 73
2 5 23
2 7 19
2 8 -35
2 9 -64
2 10 77
2 15 -77
3 3 -23
3 6 -15
3 7 50
3 9 20
3 12 -86
3 14 65
4 4 -52
4 6 63
4 11 33
4 14 91
5 5 -6
5 8 53
5 9 -31
5 10 -34
5 12 22
5 13 -56
5 14 -24
6 6 -44
6 10 93
6 13 82
6 14 -21
7 7 35
7 8 -2
7 9 7
7 10 -41
7 13 33
7 14 35
7 15 -99
8 8 24
8 10 74
8 11 64
8 13 -71
8 15 -25
9 9 30
9 10 36
9 13 9
10 10 -35
10 12 13
10 14 67
11 11 -33
11 14 -95
12 12 -44
12 13 31
12 14 -94
12 15 -27
13 13 -92
13 15 80
14 14 -83
14 15 -96
15 15 4
