1 1 -4
1 2 -83
1 5 87
1 7 48
1 9 12
1 10 17
1 11 57
1 13 3
1 14 28
2 2 9
2 4 75
2 5 27
2 6 93
2 7 21
2 9 46
2 10 -5
2 11 -47
2 13 64
2 15 -98
3 9 -99
3 3 79
3 4 98
3 13 -26
3 7 22
4 4 -94
4 5 74
4 7 -19
4 8 65
4 9 82
4 11 -30
4 12 -38
4 14 30
5 5 -22
5 6 -73
5 8 -75
5 11 -33
5 13 89
6 10 24
6 11 40
6 6 -55
7 7 19
7 9 -6
7 11 -12
7 12 -8
7 14 38
7 15 -60
8 8 -62
8 9 -47
8 11 65
8 14 40
9 9 -16
9 12 78
9 13 21
9 15 -57
10 10 -49
10 12 -39
10 13 37
10 14 20
10 15 -26
11 11 -81
11 14 -73
12 12 -66
12 13 75
13 13 65
14 14 71
14 15 87
15 15 -89
