1 1 94
1 2 46
1 3 12
1 4 -77
1 5 60
1 6 75
1 7 76
1 8 -63
1 11 59
1 12 -30
1 13 92
1 14 55
1 15 -11
2 2 88
2 3 73
2 4 73
2 5 -66
2 6 4
2 8 32
2 9 -63
2 10 67
2 12 -32
2 14 -62
2 15 21
3 3 -86
3 4 -88
3 7 16
3 8 76
3 9 55
3 10 -91
3 11 6
3 13 -16
3 15 -19
4 4 29
4 5 50
4 6 73
4 7 67
4 8 -58
4 9 -75
4 11 98
4 12 -93
4 13 28
4 14 -15
5 5 39
5 6 -71
5 7 80
5 8 -22
5 9 37
5 10 -59
5 11 30
5 12 -65
5 13 -26
5 15 -42
6 6 -65
6 7 60
6 9 38
6 10 -66
6 11 -73
6 12 -99
6 13 41
6 14 14
6 15 -80
7 7 -26
7 8 -34
7 12 -2
7 13 64
7 14 -97
7 15 -77
8 8 -30
8 9 -25
8 10 -7
8 11 -94
8 13 -34
8 14 -29
9 9 43
9 10 4
9 11 -21
9 12 0
9 13 98
9 14 5
9 15 -24
10 10 92
10 11 -56
10 12 32
10 13 -77
10 14 6
10 15 87
11 11 48
11 12 -83
11 13 82
11 14 -87
11 15 26
12 12 7
12 13 -49
12 14 94
13 13 3
13 15 61
14 14 -43
15 15 -42
