1 1 -50
1 3 57
1 4 -18
1 5 -27
1 7 -50
1 9 -22
1 10 -63
1 12 32
1 13 35
1 14 -74
2 2 -46
2 3 -96
2 6 -4
2 7 -5
2 8 45
2 9 -16
2 10 36
2 11 -3
2 13 -69
3 3 -88
3 4 40
3 5 48
3 6 56
3 8 93
3 9 -36
3 10 -79
3 11 -2
3 13 -73
3 15 -24
4 4 98
4 6 40
4 8 91
4 12 -27
4 13 76
4 14 52
4 15 -22
5 5 82
5 6 -72
5 7 -51
5 9 -32
5 10 10
5 12 95
5 13 79
5 14 41
6 6 77
6 7 12
6 8 -35
6 9 87
6 10 56
6 11 2
6 12 -66
6 14 -34
7 7 -1
7 8 -12
7 9 -78
7 10 -8
7 11 2
7 12 -100
7 13 -66
7 14 -92
7 15 -14
8 8 -40
8 9 -22
8 10 -46
8 11 -79
8 14 53
8 15 -52
9 9 -40
9 10 -6
9 11 61
9 13 87
9 15 -62
10 10 65
10 12 30
10 13 -63
10 15 58
11 11 1
11 12 53
11 13 31
11 14 -26
11 15 -34
12 12 51
12 15 47
13 13 1
13 14 47
13 15 -87
14 14 -46
15 15 -93
