1 1 -19
1 2 -47
1 3 -78
1 4 78
1 7 1
1 9 -25
1 11 -86
1 12 -19
1 13 -96
2 2 18
2 3 -95
2 4 -86
2 6 38
2 7 -80
2 9 -94
2 10 -74
2 11 94
2 14 -25
2 15 51
3 3 37
3 4 -42
3 5 -47
3 7 88
3 8 4
3 10 -37
3 11 -65
3 14 3
3 15 -84
4 4 -63
4 5 -67
4 7 -29
4 8 21
4 14 72
5 5 33
5 6 36
5 7 59
5 8 -25
5 11 0
5 14 -77
6 6 -44
6 7 -90
6 8 -45
6 9 11
6 10 -90
6 11 88
6 14 -23
7 7 -83
7 9 99
7 10 72
7 11 92
7 12 34
7 14 6
8 8 81
8 11 -73
8 12 -4
8 13 97
8 14 25
8 15 -53
9 9 63
9 10 -32
9 11 -91
9 12 86
9 13 88
9 14 54
10 10 -32
10 13 94
10 14 -95
10 15 56
11 11 40
11 13 43
11 15 -4
12 12 -34
12 14 68
13 13 16
13 15 93
14 14 47
14 15 -92
15 15 -14
