1 1 -98
1 2 -24
1 3 50
1 4 -34
1 6 -48
1 9 -69
1 10 16
1 11 87
1 12 -67
1 13 -85
1 15 80
2 2 -64
2 4 -40
2 5 39
2 7 62
2 8 -92
2 9 -91
2 10 -61
2 11 44
2 12 -6
2 14 82
2 15 0
3 3 51
3 5 -60
3 6 98
3 7 48
3 9 -11
3 11 41
3 12 81
3 13 -1
3 15 -80
4 4 -68
4 5 80
4 6 74
4 9 -63
4 10 -87
4 11 -2
4 13 -57
4 14 -23
5 5 -24
5 7 75
5 8 64
5 9 -51
5 11 86
5 12 63
5 15 88
6 6 -64
6 7 -42
6 8 14
6 9 12
6 11 76
6 13 10
6 14 73
7 7 29
7 8 20
7 12 68
7 13 -80
7 14 -63
7 15 66
8 8 85
8 9 14
8 10 62
8 13 -91
8 14 -10
8 15 -92
9 9 -40
9 10 10
9 11 -83
9 12 57
9 13 -8
9 15 67
10 10 -62
10 11 40
10 12 -47
10 13 32
10 15 -64
11 11 -25
11 12 22
11 13 -12
11 14 74
11 15 -59
12 12 -19
12 13 19
12 14 19
13 13 -59
13 14 -74
14 14 -78
15 15 54
