1 1 22
1 2 -1
1 3 -45
1 4 84
1 5 -71
1 6 -68
1 7 -19
1 8 98
1 9 -5
1 10 -87
1 11 14
1 12 24
1 13 -69
1 14 75
1 15 -55
2 2 33
2 3 98
2 4 -19
2 5 -3
2 6 -69
2 7 11
2 8 29
2 9 -6
2 10 -42
2 11 79
2 12 -96
2 13 64
2 14 -23
2 15 -3
3 3 7
3 4 -67
3 5 43
3 6 -3
3 7 -31
3 8 41
3 9 2
3 10 89
3 11 -47
3 12 -46
3 13 11
3 14 18
3 15 90
4 4 84
4 5 50
4 6 -84
4 7 -16
4 8 46
4 9 -79
4 10 20
4 11 -74
4 12 37
4 13 -77
4 14 -60
4 15 -14
5 5 -15
5 6 6
5 7 49
5 8 12
5 9 54
5 10 -63
5 11 74
5 12 31
5 13 -43
5 14 -80
5 15 17
6 6 -69
6 7 -2
6 8 59
6 9 -28
6 10 -31
6 11 57
6 12 -86
6 13 17
6 14 -75
6 15 -84
7 7 87
7 8 -11
7 9 -92
7 10 87
7 11 59
7 12 -87
7 13 -27
7 14 82
7 15 -27
8 8 88
8 9 -16
8 10 -53
8 11 -33
8 12 -49
8 13 7
8 14 20
8 15 65
9 9 79
9 10 -1
9 11 -5
9 12 -50
9 13 -31
9 14 -4
9 15 63
10 10 80
10 11 93
10 12 -18
10 13 -10
10 14 50
10 15 -95
11 11 -56
11 12 -34
11 13 -58
11 14 -26
11 15 42
12 12 73
12 13 57
12 14 -18
12 15 56
13 13 70
13 14 0
13 15 -72
14 14 90
14 15 1
15 15 -81
