1 1 -32
1 2 21
1 3 43
1 4 26
1 5 77
1 6 -80
1 8 76
1 9 -68
1 11 76
1 12 -74
1 13 50
1 14 28
1 15 -55
2 2 -1
2 3 -23
2 4 51
2 6 -14
2 7 -85
2 8 -41
2 10 -66
2 11 94
2 12 -19
2 13 -8
2 14 75
2 15 13
3 3 -73
3 4 6
3 6 9
3 8 -94
3 9 -32
3 11 76
3 12 25
3 13 61
3 14 25
3 15 -48
4 4 20
4 5 -56
4 6 -74
4 7 -21
4 8 9
4 9 -68
4 10 -28
4 11 -17
4 12 -96
4 13 82
4 14 -39
4 15 -49
5 5 -67
5 6 59
5 7 -43
5 8 -26
5 10 46
5 11 -8
5 12 -48
5 13 -78
5 14 -96
5 15 41
6 6 30
6 7 23
6 8 60
6 9 41
6 10 -66
6 11 37
6 12 35
6 13 76
6 14 -19
6 15 7
7 7 57
7 8 -83
7 9 -60
7 10 46
7 11 -73
7 13 26
7 14 76
7 15 41
8 8 75
8 9 -54
8 10 25
8 11 27
8 12 -45
8 13 87
8 14 20
8 15 -61
9 9 45
9 10 97
9 11 -78
9 12 -94
9 13 65
9 14 74
9 15 -19
10 10 91
10 11 95
10 12 -83
10 13 48
10 14 -15
10 15 32
11 11 -43
11 13 59
11 14 -9
11 15 62
12 12 31
12 13 -61
12 14 72
12 15 56
13 13 66
13 15 -81
14 14 -20
14 15 43
15 15 -33
