1 1 67
1 2 -63
1 5 -34
1 6 -79
1 8 -24
1 10 -5
1 11 -23
1 12 -14
2 2 -46
2 3 -94
2 4 -78
2 5 -64
2 6 -50
2 7 -84
2 8 -67
2 10 -50
2 11 -47
2 12 -90
3 3 54
3 5 -24
3 6 -68
3 8 -8
3 9 -79
3 11 -45
3 12 -42
4 4 1
4 5 -98
4 6 -74
4 7 -81
4 9 -72
4 10 -80
4 11 -2
4 12 -57
5 5 -21
5 6 -97
5 7 -55
5 9 -98
5 10 -51
5 11 -98
5 12 -41
6 6 -90
6 7 -34
6 8 -41
6 9 -52
6 11 -59
6 12 -98
7 7 -70
7 8 -43
7 9 -28
7 10 -13
7 11 -64
7 12 -16
8 8 76
8 10 -36
8 12 -95
9 9 -17
9 10 -56
9 11 -91
10 10 -74
10 11 -20
10 12 -100
11 11 -99
11 12 -57
12 12 -17
