1 1 -76
1 2 -51
1 4 -59
1 6 -43
1 7 -4
1 8 -30
1 10 -29
2 2 -40
2 3 -76
2 5 -9
2 7 -82
2 8 -53
2 11 -43
2 12 -25
3 3 -77
3 4 -60
3 5 -27
3 6 -42
3 7 -43
3 8 -62
3 9 -72
3 10 -81
3 11 -12
3 12 -8
4 4 -30
4 5 -96
4 6 -79
4 7 -10
4 8 -68
4 10 -5
4 11 -27
4 12 -8
5 5 -52
5 6 -77
5 8 -53
5 9 -6
5 10 -48
5 11 -96
5 12 -52
6 6 -68
6 8 -36
6 9 -71
6 10 -4
6 11 -98
6 12 -59
7 7 58
7 8 -14
7 9 -15
7 12 -65
8 8 -20
8 9 -26
8 10 -98
8 11 -44
8 12 -45
9 9 -15
9 10 -89
9 11 -67
9 12 -83
10 10 0
10 11 -8
10 12 -23
11 11 63
11 12 -84
12 12 -7
