1 1 80
1 2 -25
1 3 -38
1 4 -52
1 5 -41
1 6 -3
1 7 -78
1 8 -2
1 9 -22
1 10 -23
1 11 -94
1 12 -10
2 2 -75
2 3 -42
2 4 -58
2 5 -44
2 6 -34
2 7 -92
2 8 -5
2 9 -25
2 10 -52
2 11 -39
2 12 -88
3 3 -50
3 4 -71
3 5 -40
3 6 -70
3 7 -17
3 8 -3
3 9 -66
3 10 -34
3 11 -11
3 12 -92
4 4 -37
4 5 -47
4 6 -82
4 7 -30
4 8 -72
4 9 -28
4 10 -45
4 11 -18
4 12 -76
5 5 40
5 6 -22
5 7 -61
5 8 -14
5 9 -58
5 10 -39
5 11 -40
5 12 -79
6 6 99
6 7 -25
6 8 -3
6 9 -56
6 10 -85
6 11 -60
6 12 -45
7 7 -66
7 8 -95
7 9 -29
7 10 -88
7 11 -87
7 12 -22
8 8 -14
8 9 -12
8 10 -71
8 11 -44
8 12 -94
9 9 19
9 10 -51
9 11 -38
9 12 -68
10 10 -98
10 11 -4
10 12 -72
11 11 53
11 12 -42
12 12 -98
