1 1 -50
1 2 -31
1 3 -66
1 5 -4
1 6 -65
1 7 -56
1 8 -93
1 10 -22
1 11 -92
1 12 -53
2 2 -58
2 3 -9
2 4 -90
2 5 -61
2 6 -2
2 7 -93
2 8 -82
2 9 -91
2 10 -2
2 11 -76
2 12 -13
3 3 -18
3 4 -62
3 5 -60
3 6 -47
3 7 -48
3 8 -81
3 9 -66
3 10 -100
3 11 -56
3 12 -26
4 4 6
4 6 -78
4 8 -14
4 9 -32
4 10 -53
4 11 -78
4 12 -88
5 5 -85
5 7 -20
5 8 -77
5 9 -11
5 10 -39
5 11 -12
5 12 -8
6 6 -35
6 7 -31
6 8 -66
6 9 -23
6 10 -34
6 11 -58
6 12 -79
7 7 -44
7 8 -82
7 9 -83
7 10 -100
7 11 -56
7 12 -91
8 8 -59
8 9 -94
8 10 -11
8 11 -15
8 12 -59
9 9 -68
9 10 -98
9 11 -53
10 10 55
10 12 -56
11 11 55
11 12 -87
12 12 -92
