1 1 38
1 2 -25
1 3 -2
1 4 -75
1 5 -79
1 6 -67
1 7 -76
1 9 -6
1 10 -98
1 12 -29
2 2 63
2 3 -15
2 4 -43
2 5 -9
2 6 -60
2 7 -11
2 8 -48
2 9 -89
2 10 -35
2 11 -7
2 12 -40
3 3 -19
3 5 -24
3 6 -67
3 7 -46
3 8 -59
3 9 -31
3 10 -7
3 11 -54
3 12 -49
4 4 -64
4 5 -72
4 6 -28
4 7 -16
4 8 -2
4 9 -100
4 11 -90
4 12 -30
5 5 49
5 7 -60
5 8 -83
5 9 -6
5 10 -41
5 11 -87
5 12 -90
6 6 -57
6 7 -18
6 8 -15
6 9 -38
6 10 -42
6 11 -80
6 12 -68
7 7 -80
7 8 -89
7 9 -65
7 10 -68
7 11 -14
8 8 -6
8 9 -62
8 10 -8
8 11 -83
9 9 15
9 10 -28
9 11 -53
9 12 -40
10 10 62
10 11 -48
10 12 -5
11 11 35
11 12 -50
12 12 -85
