1 1 96
1 2 -74
1 3 -28
1 4 -52
1 5 -29
1 6 -74
1 7 -39
1 8 -18
1 9 -17
1 10 -39
1 12 -6
2 2 -8
2 3 -80
2 4 -98
2 5 -44
2 6 -34
2 7 -38
2 8 -49
2 9 -92
2 10 -43
2 11 -21
2 12 -83
3 3 28
3 4 -96
3 6 -94
3 7 -80
3 8 -75
3 9 -100
3 10 -22
3 12 -97
4 4 13
4 6 -33
4 7 -96
4 8 -59
4 10 -81
4 11 -47
4 12 -19
5 5 -100
5 6 -4
5 7 -73
5 8 -78
5 9 -93
5 10 -65
5 12 -16
6 6 -5
6 7 -59
6 8 -97
6 9 -27
6 10 -45
6 11 -4
6 12 -11
7 7 49
7 8 -9
7 9 -68
7 10 -79
7 11 -35
7 12 -85
8 8 -84
8 9 -9
8 10 -48
8 12 -63
9 9 -31
9 10 -39
9 11 -50
9 12 -76
10 10 -74
10 11 -39
10 12 -89
11 11 36
11 12 -81
12 12 -94
