1 1 19
1 2 -52
1 3 -4
1 4 -97
1 5 -65
1 6 -85
1 7 -4
1 8 -36
1 9 -82
1 10 -21
1 11 -92
1 12 -86
2 2 25
2 3 -52
2 4 -39
2 5 -64
2 6 -11
2 7 -66
2 8 -21
2 9 -12
2 10 -91
2 11 -29
2 12 -47
3 3 -68
3 4 -22
3 5 -73
3 6 -6
3 7 -25
3 8 -12
3 9 -84
3 10 -92
3 11 -49
3 12 -88
4 4 14
4 5 -99
4 6 -42
4 7 -48
4 8 -36
4 9 -66
4 10 -25
4 11 -96
4 12 -55
5 5 25
5 6 -52
5 7 -70
5 8 -52
5 9 -17
5 10 -27
5 11 -13
5 12 -32
6 6 -34
6 7 -97
6 8 -67
6 9 -32
6 10 -59
6 11 -73
6 12 -98
7 7 85
7 8 -31
7 9 -68
7 10 -10
7 11 -61
7 12 -91
8 8 -88
8 9 -22
8 10 -30
8 11 -11
8 12 -100
9 9 50
9 10 -8
9 11 -23
9 12 -22
10 10 7
10 11 -56
10 12 -9
11 11 40
11 12 -18
12 12 -60
