1 1 -62
1 2 -92
1 3 -26
1 4 -60
1 5 -93
1 6 -100
1 7 -11
1 8 -78
1 9 -15
1 10 -29
1 11 -13
1 12 -64
2 2 -72
2 3 -7
2 4 -75
2 7 -42
2 8 -55
2 10 -83
2 11 -42
2 12 -34
3 3 -82
3 4 -83
3 6 -53
3 7 -89
3 8 -44
3 9 -55
3 10 -24
3 11 -11
3 12 -71
4 4 91
4 5 -51
4 6 -29
4 8 -55
4 9 -64
4 10 -95
4 11 -19
4 12 -41
5 5 -2
5 6 -13
5 7 -52
5 8 -41
5 9 -17
5 10 -36
5 11 -56
5 12 -14
6 6 -61
6 7 -56
6 8 -33
6 9 -20
6 10 -71
6 11 -55
6 12 -15
7 7 79
7 8 -67
7 9 -95
7 10 -67
7 11 -28
7 12 -25
8 8 -37
8 9 -93
8 11 -46
8 12 -62
9 9 77
9 10 -41
9 11 -56
9 12 -84
10 10 48
10 11 -5
10 12 -76
11 11 85
12 12 -65
