1 1 -90
1 2 -29
1 3 -79
1 4 -7
1 5 -30
1 6 -55
1 7 -38
1 8 -70
1 9 -79
1 10 -20
1 11 -26
1 12 -59
2 2 -16
2 3 -85
2 4 -64
2 5 -74
2 6 -83
2 7 -95
2 8 -57
2 9 -46
2 10 -74
2 11 -27
2 12 -45
3 3 5
3 4 -91
3 5 -76
3 6 -92
3 7 -14
3 8 -26
3 9 -78
3 10 -77
3 11 -37
3 12 -12
4 4 33
4 5 -96
4 6 -75
4 7 -58
4 8 -37
4 9 -92
4 10 -8
4 11 -66
4 12 -41
5 5 20
5 6 -100
5 7 -22
5 8 -61
5 9 -95
5 10 -49
5 11 -89
5 12 -96
6 6 -1
6 7 -37
6 8 -75
6 9 -11
6 10 -42
6 11 -99
6 12 -92
7 7 31
7 8 -10
7 9 -85
7 10 -59
7 11 -20
7 12 -2
8 8 -31
8 9 -29
8 10 -76
8 11 -12
8 12 -37
9 9 9
9 10 -48
9 11 -58
9 12 -29
10 10 6
10 11 -80
10 12 -37
11 11 46
11 12 -96
12 12 29
