1 1 -73
1 2 -51
1 3 -10
1 4 -94
1 5 -93
1 6 -81
1 7 -69
1 8 -87
1 9 -88
1 10 -45
1 11 -74
1 12 -61
2 2 -69
2 3 -93
2 4 -74
2 5 -4
2 6 -15
2 7 -63
2 8 -30
2 9 -43
2 10 -88
2 11 -35
2 12 -36
3 3 92
3 5 -25
3 6 -15
3 7 -10
3 8 -85
3 10 -45
3 11 -17
3 12 -39
4 4 -94
4 5 -63
4 7 -87
4 8 -65
4 9 -39
4 10 -8
4 11 -84
4 12 -56
5 5 -17
5 6 -16
5 7 -53
5 8 -68
5 9 -38
5 10 -30
5 11 -37
5 12 -36
6 6 -48
6 7 -68
6 8 -51
6 9 -97
6 10 -91
6 11 -52
6 12 -78
7 7 77
7 8 -26
7 9 -74
7 10 -98
7 11 -6
8 8 72
8 9 -37
8 10 -4
8 11 -41
9 9 73
9 10 -15
9 12 -38
10 10 -43
10 11 -97
10 12 -98
11 11 95
12 12 -36
