1 1 8
1 2 -57
1 3 -68
1 4 -76
1 5 -2
1 6 -84
1 7 -85
1 8 -14
1 9 -60
1 10 -9
1 11 -67
1 12 -96
2 2 -99
2 3 -53
2 4 -35
2 5 -42
2 6 -39
2 7 -87
2 8 -22
2 9 -76
2 10 -30
2 11 -23
2 12 -54
3 3 90
3 4 -95
3 5 -5
3 6 -25
3 7 -80
3 8 -52
3 9 -88
3 10 -98
3 11 -98
3 12 -13
4 4 20
4 5 -5
4 6 -47
4 7 -96
4 8 -75
4 9 -37
4 10 -31
4 11 -85
4 12 -54
5 5 -6
5 6 -18
5 7 -76
5 8 -33
5 9 -39
5 10 -95
5 11 -48
5 12 -45
6 6 24
6 7 -6
6 8 -47
6 9 -14
6 10 -96
6 11 -93
6 12 -82
7 7 64
7 8 -83
7 9 -24
7 10 -65
7 11 -12
7 12 -40
8 8 -30
8 9 -79
8 10 -31
8 11 -85
8 12 -94
9 9 -33
9 10 -5
9 11 -5
9 12 -65
10 10 -54
10 11 -72
10 12 -84
11 11 -85
11 12 -26
12 12 -79
