1 1 -14
1 2 -79
1 3 -48
1 4 -16
1 6 -78
1 7 -69
1 8 -30
1 9 -60
1 10 -50
1 11 -58
1 12 -6
2 2 79
2 3 -20
2 4 -99
2 5 -43
2 7 -37
2 8 -34
2 9 -14
2 10 -17
2 11 -73
2 12 -70
3 3 91
3 4 -58
3 5 -75
3 6 -37
3 8 -19
3 9 -45
3 10 -89
3 11 -11
3 12 -83
4 4 -95
4 5 -43
4 6 -50
4 7 -95
4 9 -7
4 10 -72
4 11 -19
4 12 -7
5 5 36
5 6 -66
5 8 -33
5 10 -68
5 11 -71
5 12 -80
6 6 74
6 7 -20
6 8 -18
6 10 -26
6 11 -40
6 12 -34
7 7 -15
7 8 -3
7 9 -57
7 10 -82
7 11 -7
7 12 -74
8 8 2
8 9 -63
8 10 -90
8 11 -56
8 12 -84
9 9 -29
9 10 -28
9 11 -72
9 12 -66
10 10 -26
10 11 -94
10 12 -32
11 11 -75
11 12 -82
12 12 22
