1 1 -28
1 2 -81
1 4 -79
1 5 -65
1 7 -53
1 8 -73
1 9 -70
1 10 -36
1 11 -3
1 12 -9
2 2 50
2 3 -55
2 4 -41
2 6 -100
2 7 -67
2 8 -33
2 9 -57
2 10 -63
2 11 -76
2 12 -47
3 3 -85
3 5 -27
3 6 -3
3 8 -40
3 11 -44
4 4 -66
4 5 -28
4 6 -89
4 7 -54
4 8 -45
4 9 -84
4 10 -37
4 12 -37
5 5 21
5 6 -78
5 7 -30
5 8 -6
5 9 -98
5 10 -49
5 11 -66
5 12 -47
6 6 63
6 7 -64
6 8 -60
6 9 -91
6 10 -17
6 11 -68
6 12 -58
7 7 -50
7 8 -9
7 9 -56
7 11 -61
7 12 -89
8 8 23
8 11 -59
8 12 -82
9 9 6
9 10 -80
9 11 -2
9 12 -33
10 10 -28
11 11 -49
11 12 -44
12 12 48
