1 1 -67
1 2 -83
1 3 -51
1 4 -96
1 5 -27
1 6 -59
1 8 -65
1 9 -67
1 10 -62
1 11 -72
2 2 76
2 3 -70
2 4 -55
2 5 -80
2 7 -99
2 8 -87
2 11 -81
2 12 -80
3 3 44
3 4 -58
3 5 -88
3 6 -90
3 7 -51
3 8 -99
3 9 -14
3 10 -54
3 12 -11
4 4 3
4 6 -82
4 7 -40
4 8 -3
4 9 -58
4 10 -8
4 11 -98
5 5 -53
5 6 -36
5 7 -52
5 8 -93
5 10 -27
5 12 -17
6 6 -13
6 7 -8
6 8 -26
6 9 -3
6 10 -3
6 12 -3
7 7 78
7 8 -86
7 9 -77
7 10 -4
7 12 -75
8 8 -97
8 9 -61
8 10 -34
8 11 -65
9 9 -41
9 10 -3
9 11 -39
10 10 -70
10 11 -50
10 12 -73
11 11 13
11 12 -24
12 12 95
